0 0.455078125 0.5966796875 0.4375 0.5322265625 0.44140625 0.4287109375 0.47265625 0.3388671875 0.47265625 0.3310546875 0.4599609375 0.328125 0.453125 0.3173828125 0.455078125 0.2998046875 0.462890625 0.2919921875 0.458984375 0.2548828125 0.4404296875 0.25 0.431640625 0.2666015625 0.4365234375 0.2734375 0.4501953125 0.271484375 0.453125 0.2841796875 0.4365234375 0.2890625 0.423828125 0.3134765625 0.4345703125 0.34375 0.4384765625 0.330078125 0.451171875 0.3310546875 0.451171875 0.3681640625 0.4375 0.3779296875 0.4296875 0.4033203125 0.4228515625 0.404296875 0.42578125 0.3564453125 0.4072265625 0.34765625 0.400390625 0.3662109375 0.4140625 0.4267578125 0.4296875 0.4580078125 0.419921875 0.5166015625 0.421875 0.6201171875 0.44921875 0.7216796875 0.4462890625 0.73046875 0.4365234375 0.728515625 0.4296875 0.7353515625 0.4296875 0.7470703125 0.4501953125 0.75 0.4580078125 0.740234375 0.4755859375 0.751953125 0.484375 0.7880859375 0.4609375 0.9248046875 0.4609375 0.9984375 0.486328125 0.9984375 0.48046875 0.9541015625 0.4921875 0.9287109375 0.50390625 0.7998046875 0.5 0.7587890625 0.48046875 0.7255859375 0.46875 0.6904296875 0.455078125 0.6298828125 0.455078125 0.5966796875
0 0.6259765625 0.248046875 0.5791015625 0.25 0.578125 0.1904296875 0.5927734375 0.16015625 0.572265625 0.1748046875 0.56640625 0.1884765625 0.5625 0.2373046875 0.5556640625 0.248046875 0.5498046875 0.251953125 0.5302734375 0.24609375 0.4873046875 0.24609375 0.478515625 0.2529296875 0.5869140625 0.2578125 0.6376953125 0.27734375 0.666015625 0.2802734375 0.7080078125 0.271484375 0.716796875 0.2607421875 0.71484375 0.2373046875 0.7041015625 0.2265625 0.701171875 0.2626953125 0.6806640625 0.265625 0.6513671875 0.265625 0.6259765625 0.248046875
0 0.7405640625 0.041204687499999997 0.7456453125 0.0248359375 0.7292749999999999 0.0028218749999999997 0.73435625 0.031045312499999998 0.7315328125 0.0474140625 0.7405640625 0.041204687499999997
0 0.74169375 0.0897484375 0.7529828125 0.09652187500000001 0.7433875000000001 0.0682984375 0.7473390625 0.0457203125 0.74169375 0.05249375 0.7360484375 0.06321875 0.74169375 0.0897484375
0 0.6553328125 0.1286953125 0.6643640625 0.1320828125 0.6733953125 0.1191 0.672265625 0.0682984375 0.6632343749999999 0.0541875 0.6637984375000001 0.1168421875 0.6553328125 0.1286953125
0 0.6484375 0.1572265625 0.6533203125 0.166015625 0.69140625 0.1708984375 0.6953125 0.1650390625 0.6845703125 0.1484375 0.6484375 0.1572265625
0 0.69921875 0.2001953125 0.69921875 0.1845703125 0.6884765625 0.18359375 0.69140625 0.1982421875 0.69921875 0.2001953125
0 0.9208984375 0.298828125 0.921875 0.2939453125 0.8603515625 0.294921875 0.7890625 0.2802734375 0.7939453125 0.2890625 0.8173828125 0.30078125 0.892578125 0.3037109375 0.9208984375 0.298828125
0 0.740625 0.1140625 0.7421875 0.11875 0.7390625 0.125 0.7390625 0.13125 0.709375 0.159375 0.7046875 0.1703125 0.7046875 0.19375 0.7078125 0.196875 0.7109375 0.1953125 0.7125 0.1859375 0.7109375 0.171875 0.715625 0.1625 0.7453125 0.1328125 0.7453125 0.1265625 0.7484375 0.1203125 0.746875 0.096875 0.7421875 0.0953125 0.7421875 0.096875 0.740625 0.0984375 0.740625 0.1140625
0 0.7875 0.15625 0.796875 0.1625 0.8265625 0.1765625 0.8296875 0.1734375 0.79375 0.1546875 0.78125 0.140625 0.7734375 0.1375 0.7734375 0.1390625 0.7734375 0.1421875 0.7875 0.15625
0 0.6171875 0.0921875 0.6109375 0.109375 0.609375 0.11875 0.6109375 0.1203125 0.6109375 0.1375 0.6046875 0.1484375 0.596875 0.1546875 0.596875 0.159375 0.6296875 0.153125 0.6359375 0.1453125 0.64375 0.1203125 0.646875 0.090625 0.64375 0.0890625 0.640625 0.0921875 0.6375 0.1171875 0.6296875 0.1421875 0.6234375 0.1484375 0.6140625 0.146875 0.6171875 0.140625 0.61875 0.1140625 0.621875 0.109375 0.621875 0.103125 0.6375 0.0578125 0.6328125 0.046875 0.628125 0.0484375 0.628125 0.05 0.6203125 0.0671875 0.6171875 0.0921875
0 0.5 0.159375 0.50625 0.1625 0.528125 0.1640625 0.5421875 0.16875 0.5671875 0.16875 0.584375 0.1640625 0.5875 0.1609375 0.5859375 0.1546875 0.5796875 0.1546875 0.5671875 0.159375 0.5453125 0.159375 0.5296875 0.1546875 0.50625 0.1515625 0.5046875 0.1515625 0.5 0.153125 0.5 0.159375
0 0.4203125 0.8234375 0.44375 0.846875 0.4546875 0.8640625 0.4609375 0.8671875 0.4625 0.8625 0.453125 0.85 0.4515625 0.84375 0.4484375 0.84375 0.425 0.81875 0.4234375 0.81875 0.4203125 0.8203125 0.4203125 0.8234375