0 0.669921875 0.0439453125 0.6787109375 0.03515625 0.7451171875 0.02734375 0.759765625 0.0009765625 0.7373046875 0 0.7294921875 0.0234375 0.6943359375 0.03125 0.6748046875 0.025390625 0.6689453125 0.03515625 0.6484375 0.0439453125 0.646484375 0.0791015625 0.669921875 0.2138671875 0.669921875 0.2685546875 0.6826171875 0.275390625 0.689453125 0.2705078125 0.689453125 0.2509765625 0.671875 0.1064453125 0.669921875 0.0439453125
0 0.1943359375 0.599609375 0.205078125 0.5927734375 0.19140625 0.5380859375 0.19140625 0.4716796875 0.203125 0.4228515625 0.205078125 0.3466796875 0.18359375 0.2998046875 0.171875 0.2939453125 0.171875 0.2802734375 0.1611328125 0.27734375 0.158203125 0.2822265625 0.171875 0.2978515625 0.19140625 0.3408203125 0.19140625 0.3505859375 0.17578125 0.3681640625 0.17578125 0.4833984375 0.1796875 0.5556640625 0.1943359375 0.599609375
0 0.6884765625 0.650390625 0.701171875 0.6630859375 0.705078125 0.6767578125 0.720703125 0.7802734375 0.7265625 0.8798828125 0.751953125 0.9326171875 0.763671875 0.9814453125 0.7902171875 0.9328796875 0.7597796875 0.9212625 0.75 0.9033203125 0.7265625 0.6943359375 0.724609375 0.6572265625 0.732421875 0.6455078125 0.7519359375000001 0.6404828125 0.7994156250000001 0.64323125 0.7881703125 0.6324859374999999 0.7511859375000001 0.6329859375 0.7294921875 0.640625 0.6884765625 0.640625 0.6689453125 0.625 0.6416015625 0.625 0.625 0.6083984375 0.625 0.5947265625 0.6484375 0.5888671875 0.6123046875 0.578125 0.5439453125 0.5859375 0.4130859375 0.587890625 0.39873437500000003 0.58033125 0.3984375 0.5654296875 0.3973125 0.5455046875 0.3912703125 0.532534375 0.396246875 0.52205 0.4154359375 0.510678125 0.41383749999999997 0.506590625 0.3918046875 0.5177859375 0.3900265625 0.5252484375 0.3877171875 0.529690625 0.38825000000000004 0.538575 0.39429218749999995 0.54639375 0.3889609375 0.5552781250000001 0.38451875 0.5572328125 0.3807875 0.5684265625 0.36639531249999996 0.5725140625 0.3544921875 0.583984375 0.33298906250000004 0.585484375 0.29478593750000004 0.5853078125 0.2626953125 0.58203125 0.23978593750000002 0.5874734375 0.205078125 0.5810546875 0.2080078125 0.595703125 0.2666015625 0.599609375 0.4482421875 0.603515625 0.4716796875 0.59765625 0.5634765625 0.595703125 0.6044921875 0.609375 0.6298828125 0.626953125 0.6884765625 0.650390625
0 0.8393937499999999 0.6438124999999999 0.82688125 0.638325 0.8139296874999999 0.6405203125 0.8128328125000001 0.64556875 0.8200765624999999 0.6521546874999999 0.8444421875 0.6493000000000001 0.8554171875000001 0.64359375 0.869465625 0.6431546874999999 0.8690265625000001 0.63635 0.8393937499999999 0.6438124999999999
0 0.9002265625 0.633834375 0.8945875 0.6381203125 0.881053125 0.638796875 0.8778953125 0.6406015625000001 0.8864671875000001 0.6439859375 0.8990984375 0.641278125 0.903834375 0.6378953125 0.91985 0.6356390625 0.9142109374999999 0.6318046875000001 0.9002265625 0.633834375
0 0.621875 0.0484375 0.6234375 0.05 0.64375 0.05 0.65 0.04375 0.6453125 0.0390625 0.625 0.040625 0.6234375 0.0390625 0.590625 0.0375 0.5875 0.0390625 0.5875 0.040625 0.5890625 0.046875 0.621875 0.0484375
0 0 0.021875 0.0140625 0.028125 0.0453125 0.0296875 0.046875 0.028125 0.0796875 0.028125 0.1046875 0.0234375 0.1390625 0.025 0.1453125 0.021875 0.1421875 0.015625 0.140625 0.0171875 0.1171875 0.0171875 0.109375 0.015625 0.0671875 0.021875 0.028125 0.0234375 0.0140625 0.0203125 0.0046875 0.015625 0.003125 0.015625 0 0.0171875 0 0.021875
0 0.6921875 0.2640625 0.690625 0.2703125 0.6921875 0.271875 0.7125 0.271875 0.7140625 0.2734375 0.709375 0.2765625 0.684375 0.2765625 0.6828125 0.28125 0.6859375 0.284375 0.7109375 0.284375 0.728125 0.2796875 0.734375 0.284375 0.7484375 0.2875 0.7921875 0.2875 0.8046875 0.2828125 0.8234375 0.2859375 0.8296875 0.284375 0.9078125 0.2859375 0.909375 0.284375 0.9125 0.2859375 0.9140625 0.284375 0.93125 0.284375 0.9328125 0.2859375 0.95625 0.2859375 0.9609375 0.2828125 0.965625 0.2828125 0.9703125 0.2859375 0.99375 0.2875 0.9984375 0.2859375 0.9984375 0.278125 0.9828125 0.2796875 0.971875 0.278125 0.95625 0.2671875 0.9390625 0.2671875 0.921875 0.2734375 0.9203125 0.2765625 0.8015625 0.275 0.7890625 0.2796875 0.75 0.2796875 0.7375 0.2765625 0.7234375 0.2671875 0.721875 0.2671875 0.715625 0.2640625 0.6921875 0.2640625
0 0.0953125 0.26875 0.096875 0.275 0.15 0.2765625 0.15625 0.2796875 0.1625 0.275 0.171875 0.2765625 0.1734375 0.28125 0.1765625 0.2828125 0.18125 0.28125 0.3125 0.2796875 0.3234375 0.2828125 0.3359375 0.28125 0.3375 0.2828125 0.3796875 0.2828125 0.38125 0.284375 0.5421875 0.28125 0.5609375 0.284375 0.6 0.284375 0.63125 0.2796875 0.6390625 0.2765625 0.675 0.278125 0.6765625 0.271875 0.675 0.2703125 0.64375 0.2671875 0.6203125 0.2734375 0.609375 0.2734375 0.596875 0.2765625 0.5640625 0.2765625 0.5453125 0.2734375 0.359375 0.275 0.353125 0.2734375 0.35 0.275 0.3484375 0.2734375 0.3453125 0.275 0.34375 0.2734375 0.3421875 0.275 0.3265625 0.2734375 0.325 0.275 0.3109375 0.271875 0.234375 0.275 0.2328125 0.2734375 0.184375 0.271875 0.1671875 0.259375 0.1609375 0.2609375 0.159375 0.2671875 0.1484375 0.2640625 0.146875 0.2640625 0.103125 0.265625 0.0953125 0.26875
0 0.2 0.3328125 0.2078125 0.3484375 0.2140625 0.35 0.2171875 0.3453125 0.2515625 0.340625 0.3578125 0.340625 0.359375 0.3359375 0.35625 0.3328125 0.2953125 0.334375 0.29375 0.3328125 0.253125 0.3328125 0.2421875 0.3359375 0.215625 0.3375 0.209375 0.3265625 0.2078125 0.3265625 0.2015625 0.325 0.2 0.3328125
0 0 0.6515625 0.025 0.6515625 0.05 0.6484375 0.18125 0.65 0.1828125 0.6421875 0.18125 0.640625 0.1421875 0.640625 0.1390625 0.6375 0.1375 0.6375 0.134375 0.6390625 0.05 0.6390625 0.025 0.6421875 0.003125 0.6421875 0 0.64375 0 0.6515625
0 0.921875 0.6359375 0.9875 0.6359375 0.9984375 0.6390625 0.9984375 0.6328125 0.9921875 0.63125 0.9609375 0.6296875 0.959375 0.63125 0.925 0.63125 0.9234375 0.6296875 0.921875 0.63125 0.9203125 0.634375 0.921875 0.6359375
0 0.846875 0.65625 0.8484375 0.6578125 0.8921875 0.6609375 0.903125 0.6640625 0.928125 0.6640625 0.9296875 0.6625 0.9703125 0.6625 0.9875 0.6546875 0.99375 0.65 0.99375 0.6453125 0.9890625 0.6453125 0.984375 0.65 0.9671875 0.6578125 0.8984375 0.6578125 0.8703125 0.653125 0.86875 0.653125 0.8484375 0.653125 0.846875 0.65625