0 0.3280078125 0.0369234375 0.33539218750000005 0.0313859375 0.338778125 0.021539062499999997 0.3393921875 0.00123125 0.3292390625 0.00123125 0.331084375 0.025231249999999997 0.321546875 0.0329234375 0.31477656249999997 0.046770312499999994 0.312315625 0.060309375000000005 0.3061609375 0.0658484375 0.320315625 0.061846874999999996 0.32123906249999995 0.04923125 0.3280078125 0.0369234375
0 0.3233921875 0.26000625 0.32062343749999994 0.277853125 0.3126234375 0.2849296875 0.3237 0.28400625 0.3273921875 0.2763140625 0.32954687499999996 0.262775 0.332315625 0.25200625 0.3307765625 0.23477499999999998 0.3092375 0.195696875 0.3052375 0.184928125 0.2969296875 0.18154218749999998 0.26400625 0.1803125 0.24800625 0.162465625 0.24400625 0.0652328125 0.23662031249999999 0.064309375 0.23415937499999998 0.0680015625 0.23908281250000002 0.160003125 0.25108281250000003 0.18738906249999998 0.2957 0.18677343749999997 0.3015453125 0.1913890625 0.3021609375 0.202159375 0.32000781250000004 0.2298515625 0.325546875 0.2378515625 0.3233921875 0.26000625
0 0.270775 0.396625 0.2750828125 0.396625 0.27692968749999997 0.419703125 0.28123750000000003 0.40954843750000003 0.29046875 0.41724062500000003 0.2947765625 0.420009375 0.30400781250000003 0.43847187499999996 0.3046234375 0.45170312500000004 0.31046875 0.46185781249999996 0.31139218750000003 0.471703125 0.3141609375 0.475703125 0.3141609375 0.484934375 0.3126234375 0.49355 0.3160078125 0.5030890625 0.32216093749999997 0.5027812500000001 0.32062343749999994 0.48985781250000004 0.320315625 0.46893437499999996 0.3187765625 0.45755 0.3135453125 0.44831875 0.3101609375 0.43631875000000003 0.300621875 0.41354843750000003 0.2892375 0.40954843750000003 0.28123750000000003 0.3910859375 0.276621875 0.38739375000000004 0.27385312500000003 0.2987765625 0.2710828125 0.300621875 0.2624671875 0.3046234375 0.2603140625 0.317546875 0.2649296875 0.3227765625 0.2689296875 0.3166234375 0.270775 0.3763171875 0.2649296875 0.38031718750000004 0.2636984375 0.3883171875 0.270775 0.396625
0 0.30828125 0.5053125 0.305 0.50765625 0.30484375 0.50765625 0.31 0.5134375 0.3071875 0.51859375 0.30125 0.523125 0.305625 0.525 0.31703125 0.51703125 0.31671875 0.5096875 0.31578125 0.505625 0.30828125 0.5053125
0 0.27171875 0.560625 0.27046875 0.576875 0.2734375 0.5815625 0.2753125 0.60125 0.2709375 0.60234375 0.2715625 0.6078125 0.27953125 0.61390625 0.28078125 0.62 0.276875 0.6265625 0.27828125 0.64875 0.2828125 0.675 0.28046875 0.69609375 0.2825 0.7046875 0.28640625 0.705 0.28609375 0.69921875 0.28703125 0.6834375 0.28484375 0.6671875 0.28390625 0.65109375 0.28140625 0.64890625 0.28125 0.63296875 0.28296875 0.62703125 0.28796875 0.624375 0.2896875 0.60921875 0.27875 0.60265625 0.2765625 0.5865625 0.2778125 0.5634375 0.28 0.54265625 0.29015625 0.52765625 0.295625 0.52421875 0.2975 0.50921875 0.29421875 0.509375 0.2915625 0.52078125 0.28515625 0.5253125 0.2821875 0.53484375 0.2778125 0.540625 0.27375 0.54390625 0.27171875 0.560625
0 0.27765625 0.79359375 0.2878125 0.8046875 0.286875 0.8134375 0.28671875 0.82625 0.2959375 0.82828125 0.29390625 0.81578125 0.29625 0.8034375 0.29265625 0.7865625 0.2890625 0.7802734375 0.2890625 0.7685546875 0.28140625 0.7596875 0.27671875 0.7565625 0.27734375 0.7392578125 0.27734375 0.7333984375 0.2771875 0.7259375 0.27453125 0.70734375 0.26796875 0.71578125 0.2615625 0.72859375 0.26578125 0.735 0.26578125 0.77484375 0.2690625 0.7753125 0.27203125 0.761875 0.2834375 0.76984375 0.2834375 0.78796875 0.27765625 0.79359375
0 0.2370625 0.9984375 0.2455890625 0.9984375 0.24009375 0.9925921875 0.23763125 0.9850125 0.23308281250000001 0.9857703125 0.232325 0.9914546875000001 0.2370625 0.9984375
0 0.2171875 0.0640625 0.2015625 0.0625 0.1984375 0.0640625 0.1984375 0.0671875 0.2234375 0.06875 0.23125 0.0640625 0.2296875 0.0453125 0.2265625 0.0453125 0.2265625 0.046875 0.225 0.0625 0.2171875 0.0640625
0 0.2953125 0.8828125 0.3015625 0.8890625 0.2828125 0.903125 0.2765625 0.9234375 0.2765625 0.9328125 0.284375 0.940625 0.2859375 0.9453125 0.2859375 0.971875 0.290625 0.9734375 0.2921875 0.971875 0.2953125 0.9625 0.29375 0.94375 0.2953125 0.940625 0.290625 0.9390625 0.28125 0.9296875 0.28125 0.9234375 0.2859375 0.9078125 0.303125 0.89375 0.3078125 0.8953125 0.3078125 0.890625 0.296875 0.8765625 0.29375 0.86875 0.2953125 0.8296875 0.2921875 0.8296875 0.2921875 0.83125 0.2890625 0.8703125 0.2953125 0.8828125
0 0.1109375 0.9640625 0.1125 0.9671875 0.1171875 0.9671875 0.11875 0.9578125 0.121875 0.9546875 0.11875 0.9484375 0.1171875 0.9484375 0.1125 0.9515625 0.1109375 0.9640625
0 0.56875 0.725 0.678125 0.7265625 0.6796875 0.728125 0.7265625 0.728125 0.728125 0.7296875 0.7515625 0.7296875 0.7515625 0.7265625 0.725 0.7234375 0.56875 0.7203125 0.55 0.709375 0.5453125 0.709375 0.5453125 0.7109375 0.5546875 0.71875 0.56875 0.725
0 0.5625 0.6859375 0.5671875 0.678125 0.5640625 0.675 0.5578125 0.6859375 0.5578125 0.6953125 0.559375 0.6953125 0.5625 0.6953125 0.5625 0.6859375