0 0.8659343749999999 0.0473875 0.8556515625 0.06795156249999999 0.8429109375 0.09596718750000001 0.8489453125 0.100734375 0.8666046875000001 0.061692187499999995 0.874875 0.0342734375 0.8739812499999999 0.0005953125 0.8681687499999999 0.0002984375 0.8699578124999999 0.0304 0.8659343749999999 0.0473875
0 0.4776375 0.3887046875 0.4780421875 0.4773671875 0.4827046875 0.501153125 0.488990625 0.5041265625 0.488584375 0.48736874999999996 0.4847328125 0.4800703125 0.48534062499999997 0.4038421875 0.4891921875 0.3933 0.482503125 0.38410937500000003 0.4776375 0.3887046875
0 0.365625 0.2125 0.3625 0.209375 0.3578125 0.209375 0.3515625 0.225 0.3515625 0.2375 0.36875 0.265625 0.3734375 0.265625 0.3765625 0.2609375 0.375 0.25 0.371875 0.246875 0.3703125 0.246875 0.3609375 0.234375 0.365625 0.2125
0 0.3609375 0.30625 0.3609375 0.3359375 0.365625 0.3625 0.38125 0.3671875 0.4125 0.371875 0.4484375 0.375 0.4609375 0.378125 0.4765625 0.378125 0.4828125 0.375 0.4859375 0.36875 0.4828125 0.3640625 0.4453125 0.3625 0.43125 0.359375 0.40625 0.359375 0.4046875 0.3578125 0.39375 0.359375 0.375 0.3546875 0.3703125 0.334375 0.3703125 0.309375 0.3734375 0.3015625 0.371875 0.2953125 0.3703125 0.2953125 0.3640625 0.296875 0.3609375 0.30625
0 0 0.4328125 0.0015625 0.484375 0.0078125 0.4875 0.009375 0.4921875 0.021875 0.5046875 0.028125 0.5046875 0.0296875 0.4984375 0.0375 0.49375 0.078125 0.49375 0.0796875 0.4953125 0.1140625 0.496875 0.1171875 0.5046875 0.1203125 0.50625 0.1390625 0.50625 0.1671875 0.5125 0.18125 0.5125 0.190625 0.49375 0.1890625 0.490625 0.178125 0.4921875 0.1734375 0.4890625 0.15 0.4921875 0.1453125 0.4890625 0.13125 0.490625 0.125 0.4875 0.1203125 0.490625 0.0953125 0.4859375 0.0265625 0.4859375 0.0203125 0.490625 0.009375 0.4734375 0.0078125 0.453125 0.003125 0.4421875 0.003125 0.434375 0 0.43125 0 0.4328125
0 0.1734375 0.640625 0.1734375 0.6515625 0.178125 0.6640625 0.1875 0.6703125 0.2 0.6734375 0.2046875 0.684375 0.2046875 0.690625 0.209375 0.6953125 0.2140625 0.690625 0.2140625 0.6828125 0.221875 0.6734375 0.23125 0.671875 0.2375 0.6734375 0.240625 0.6703125 0.2390625 0.665625 0.2234375 0.6640625 0.215625 0.66875 0.2078125 0.66875 0.2046875 0.665625 0.1921875 0.6640625 0.1828125 0.6546875 0.18125 0.6390625 0.1796875 0.6390625 0.1765625 0.6375 0.1734375 0.640625
0 0.02296875 0.1221875 0.021875 0.178125 0.0234375 0.1796875 0.0234375 0.196875 0.028125 0.1984375 0.03125 0.190625 0.03125 0.1484375 0.034375 0.121875 0.02578125 0.12046875 0.025625 0.0903125 0.0228125 0.08984375 0.02296875 0.1221875
0 0.5328125 0.5078125 0.5375 0.5265625 0.55 0.53125 0.5640625 0.53125 0.571875 0.528125 0.575 0.521875 0.5703125 0.5171875 0.559375 0.5171875 0.5546875 0.5046875 0.553125 0.5046875 0.5375 0.503125 0.5328125 0.5078125
0 0 0.65 0.003125 0.65 0.0203125 0.6359375 0.0203125 0.6296875 0.015625 0.6265625 0.00625 0.628125 0 0.6265625 0 0.628125 0 0.65
0 0.2578125 0.103125 0.25625 0.1390625 0.253125 0.140625 0.25 0.15 0.2484375 0.1734375 0.25 0.175 0.25 0.190625 0.253125 0.2 0.2578125 0.203125 0.265625 0.215625 0.2703125 0.2140625 0.2671875 0.2078125 0.2640625 0.20625 0.2609375 0.196875 0.25625 0.1953125 0.2625 0.1890625 0.26140625 0.1465625 0.2575 0.1465625 0.25703125 0.18234375 0.25546875 0.18578125 0.2546875 0.1828125 0.253125 0.175 0.2546875 0.15 0.2609375 0.1390625 0.2609375 0.1109375 0.2703125 0.0890625 0.2703125 0.0765625 0.265625 0.0765625 0.265625 0.078125 0.265625 0.0890625 0.2578125 0.103125
0 0.2125 0.3625 0.2265625 0.3640625 0.2375 0.36875 0.2390625 0.3671875 0.234375 0.359375 0.21875 0.3578125 0.2171875 0.3578125 0.2109375 0.359375 0.2125 0.3625
0 0.59375 0.55 0.5921875 0.5625 0.5890625 0.565625 0.5796875 0.5640625 0.5734375 0.546875 0.5703125 0.546875 0.5703125 0.5515625 0.575 0.5625 0.575 0.5828125 0.5796875 0.584375 0.58125 0.571875 0.5930390624999999 0.5736765625 0.592828125 0.6344968750000001 0.5884078125 0.6384953125 0.5881984375 0.6443875 0.5926171875 0.6488062499999999 0.5949328125000001 0.643334375 0.5957734375 0.63470625 0.596875 0.5734375 0.5984375 0.5546875 0.596875 0.553125 0.6 0.5375 0.5953125 0.5359375 0.5953125 0.5375 0.5921875 0.54375 0.59375 0.55
0 0.93125 0.6640625 0.9296875 0.6671875 0.9421875 0.6703125 0.9984375 0.6703125 0.9984375 0.665625 0.94375 0.665625 0.9421875 0.6640625 0.940625 0.6640625 0.9375 0.665625 0.93125 0.6640625
0 0.696875 0.7921875 0.6890625 0.796875 0.65 0.7984375 0.6484375 0.803125 0.6515625 0.80625 0.6953125 0.8046875 0.7015625 0.8 0.7078125 0.80625 0.7265625 0.8125 0.728125 0.8078125 0.7109375 0.8015625 0.709375 0.796875 0.7125 0.79375 0.7109375 0.7890625 0.709375 0.7890625 0.7046875 0.79375 0.696875 0.7921875
0 0.3484375 0.834375 0.346875 0.8296875 0.328125 0.83125 0.3265625 0.834375 0.33125 0.8421875 0.3421875 0.840625 0.34375 0.8421875 0.3546875 0.8359375 0.3671875 0.8328125 0.390625 0.8328125 0.415625 0.8390625 0.4234375 0.8453125 0.4296875 0.8453125 0.434375 0.8375 0.434375 0.834375 0.43125 0.8328125 0.4296875 0.8375 0.425 0.840625 0.40625 0.83125 0.3875 0.828125 0.3859375 0.828125 0.359375 0.8296875 0.3484375 0.834375
0 0.5734375 0.8515625 0.56875 0.8453125 0.5640625 0.8453125 0.5640625 0.85 0.571875 0.85625 0.5859375 0.85625 0.59375 0.8390625 0.5921875 0.834375 0.590625 0.8359375 0.5828125 0.8515625 0.5734375 0.8515625
0 0.7359375 0.8484375 0.7578125 0.846875 0.759375 0.853125 0.75625 0.8625 0.759375 0.86875 0.7625 0.86875 0.7609375 0.8609375 0.7640625 0.85 0.7671875 0.846875 0.7796875 0.8484375 0.784375 0.8453125 0.803125 0.8453125 0.8171875 0.8484375 0.853125 0.8484375 0.8546875 0.846875 0.890625 0.846875 0.8921875 0.8453125 0.890625 0.8421875 0.8828125 0.840625 0.7921875 0.8390625 0.778125 0.84375 0.76875 0.8421875 0.7671875 0.8421875 0.7359375 0.84375 0.7359375 0.8484375
0 0.6875 0.8265625 0.675 0.825 0.665625 0.81875 0.6609375 0.81875 0.6640625 0.825 0.6734375 0.8296875 0.6921875 0.83125 0.7140625 0.8390625 0.721875 0.8375 0.721875 0.834375 0.696875 0.828125 0.6921875 0.821875 0.6921875 0.8109375 0.6875 0.8109375 0.6875 0.8125 0.6890625 0.825 0.6875 0.8265625
0 0.584375 0.825 0.5890625 0.8234375 0.5890625 0.803125 0.5859375 0.7984375 0.5828125 0.7984375 0.5828125 0.8 0.5859375 0.8140625 0.584375 0.825
0 0.7421875 0.2234375 0.7484375 0.2203125 0.7484375 0.2125 0.7453125 0.2109375 0.74375 0.2125 0.740625 0.215625 0.7421875 0.2234375
0 0.7984375 0.234375 0.796875 0.2359375 0.796875 0.2390625 0.8015625 0.2421875 0.8015625 0.2484375 0.80625 0.2484375 0.8078125 0.24375 0.809375 0.2453125 0.815625 0.240625 0.815625 0.234375 0.809375 0.2328125 0.8078125 0.2328125 0.803125 0.2359375 0.7984375 0.234375
0 0.671875 0.6609375 0.678125 0.665625 0.6765625 0.6765625 0.6828125 0.6828125 0.69375 0.6859375 0.6953125 0.6828125 0.69375 0.68125 0.68125 0.675 0.6828125 0.665625 0.6875 0.6625 0.6875 0.659375 0.6859375 0.659375 0.6734375 0.6578125 0.671875 0.6609375