0 0.64 0 0.64 0.00125 0.6375 0.00625 0.625 0.005 0.58875 0.00875 0.50625 0.01 0.50375 0.01375 0.50125 0.0425 0.4975 0.05125 0.49625 0.06375 0.48625 0.075 0.46875 0.08375 0.4625 0.08375 0.45625 0.08875 0.4525 0.11875 0.44375 0.135 0.43 0.13875 0.425 0.14375 0.415 0.145 0.41125 0.1475 0.40375 0.165 0.4 0.18125 0.4 0.1925 0.3975 0.195 0.3675 0.20125 0.35625 0.20625 0.35125 0.21125 0.34875 0.21625 0.34875 0.225 0.35625 0.24875 0.35 0.2725 0.3425 0.27875 0.33 0.2825 0.3175 0.2925 0.32 0.3125 0.315 0.32375 0.30125 0.34 0.29625 0.3425 0.2825 0.34375 0.275 0.3475 0.2675 0.355 0.25875 0.37 0.25625 0.38125 0.24875 0.39625 0.19 0.3975 0.17375 0.39125 0.1675 0.39125 0.16375 0.395 0.125 0.395 0.11 0.39875 0.10625 0.4025 0.0975 0.40375 0.09 0.40375 0.08375 0.39875 0.0675 0.4 0.06375 0.405 0.05625 0.40625 0.045 0.4175 0.04375 0.41625 0.04125 0.42125 0.04875 0.42625 0.055 0.4275 0.06125 0.42 0.08 0.41125 0.0975 0.41125 0.13 0.40375 0.16375 0.4025 0.1675 0.39875 0.18125 0.40375 0.19875 0.40625 0.24375 0.405 0.24625 0.4075 0.25125 0.4075 0.25375 0.4125 0.25125 0.41625 0.245 0.4175 0.24125 0.425 0.235 0.4275 0.22875 0.44 0.23 0.45625 0.2275 0.46625 0.22375 0.47125 0.225 0.47875 0.23375 0.48375 0.2375 0.4825 0.2375 0.46125 0.24125 0.43625 0.25 0.43375 0.26 0.41375 0.25875 0.40125 0.27125 0.3875 0.28 0.36875 0.29125 0.36 0.315 0.3475 0.33125 0.33375 0.33375 0.32875 0.3325 0.2975 0.34125 0.29125 0.355 0.29375 0.36 0.2825 0.37 0.275 0.37625 0.26625 0.38875 0.245 0.39375 0.23 0.3975 0.22625 0.405 0.225 0.4125 0.2275 0.41875 0.2225 0.41875 0.1625 0.42375 0.1575 0.44 0.14875 0.45 0.1475 0.45375 0.14375 0.46125 0.1425 0.46875 0.12625 0.4725 0.1025 0.485 0.095 0.495 0.09375 0.5025 0.085 0.51 0.085 0.5125 0.0825 0.515 0.06625 0.52125 0.06 0.52125 0.03625 0.52375 0.02375 0.535 0.02125 0.59 0.02125 0.6275 0.0175 0.6475 0.01875 0.65125 0.015 0.65125 0 0.64 0
0 0.1975 0.4875 0.20125 0.47375 0.2 0.47375 0.1925 0.4725 0.1875 0.48125 0.15625 0.4825 0.15375 0.485 0.155 0.48875 0.1625 0.49 0.185 0.49 0.1975 0.4875
0 0.11 0.48625 0.105 0.48 0.1 0.47875 0.08125 0.4825 0.06 0.4825 0.04375 0.4775 0.0425 0.47875 0.0425 0.4825 0.04875 0.485 0.06375 0.48875 0.09625 0.49 0.10625 0.49625 0.11375 0.49125 0.1125 0.48625 0.11 0.48625
0 0.00625 0.485 0.01375 0.48 0.03875 0.47625 0.04 0.4725 0.0375 0.46375 0.02625 0.45375 0.025 0.45375 0.01125 0.45375 0.00875 0.45625 0.0125 0.46125 0.00625 0.46875 0.00625 0.47625 0.0025 0.48125 0.00375 0.485 0.00625 0.485
0 0.63125 0.17125 0.6375 0.1625 0.65375 0.16 0.66 0.155 0.6625 0.1175 0.66875 0.10875 0.69875 0.1025 0.7075 0.0925 0.71375 0.04875 0.7075 0.04875 0.70125 0.08875 0.6975 0.09375 0.6875 0.09875 0.67625 0.09875 0.665 0.1025 0.65875 0.10875 0.65375 0.12875 0.65375 0.15125 0.63125 0.1575 0.6225 0.16875 0.615 0.17 0.61 0.175 0.60875 0.21875 0.605 0.22125 0.55625 0.22375 0.55625 0.225 0.5575 0.22875 0.58625 0.2275 0.6025 0.23 0.6075 0.2275 0.61125 0.23125 0.61625 0.2275 0.6175 0.18 0.63125 0.17125
0 0.52375 0.3525 0.53 0.355 0.53 0.3075 0.545 0.30125 0.555 0.29125 0.55375 0.2875 0.5525 0.2875 0.5375 0.3 0.5275 0.3025 0.52375 0.31 0.5225 0.32 0.525 0.3225 0.5225 0.33 0.5225 0.345 0.52375 0.3525
0 0.5525 0.35375 0.55 0.3575 0.55625 0.3675 0.55625 0.3725 0.56875 0.375 0.5625 0.395 0.56 0.42375 0.56375 0.4275 0.58125 0.42625 0.60625 0.42875 0.61125 0.43625 0.61 0.47 0.61375 0.47125 0.62125 0.46375 0.63 0.46375 0.63625 0.46625 0.6375 0.445 0.63125 0.44 0.6275 0.44 0.62125 0.425 0.6175 0.42625 0.61375 0.42375 0.61125 0.42625 0.6025 0.4225 0.585 0.4225 0.5725 0.42 0.57625 0.37375 0.59625 0.37 0.645 0.37 0.65125 0.3725 0.66875 0.3725 0.68 0.37 0.71875 0.37 0.72875 0.36875 0.73 0.36375 0.72875 0.36375 0.6775 0.365 0.665 0.3675 0.64625 0.365 0.59 0.365 0.57125 0.37 0.56375 0.3675 0.55875 0.35625 0.5525 0.35375
0 0.78875 0.5625 0.81125 0.5675 0.82375 0.5675 0.82875 0.56375 0.83125 0.555 0.83625 0.54875 0.8375 0.53125 0.83625 0.51125 0.83125 0.51 0.82875 0.5125 0.83 0.54375 0.82125 0.56 0.81 0.56 0.79625 0.55625 0.7825 0.55625 0.77625 0.55875 0.77 0.5575 0.7625 0.55375 0.755 0.54625 0.745 0.5225 0.74 0.51875 0.73875 0.52 0.7275 0.5075 0.69625 0.49375 0.68625 0.49125 0.6775 0.4925 0.6725 0.48375 0.66875 0.485 0.66875 0.48625 0.6675 0.4925 0.67375 0.49875 0.69625 0.50125 0.72 0.51125 0.74125 0.535 0.75 0.5525 0.76875 0.565 0.78875 0.5625
0 0.6575 0.53125 0.6575 0.52625 0.65625 0.52625 0.65125 0.5275 0.64375 0.54625 0.6375 0.55375 0.6175 0.5725 0.6175 0.5775 0.62125 0.57875 0.6475 0.5525 0.6575 0.53125
0 0.335 0.5425 0.33 0.5425 0.33 0.54375 0.32625 0.55625 0.32625 0.5675 0.3275 0.58375 0.33 0.58625 0.33625 0.58375 0.335 0.5525 0.3375 0.545 0.335 0.5425
0 0.03875 0.56125 0.0375 0.56625 0.04 0.56875 0.05375 0.56875 0.0575 0.565 0.055 0.56125 0.05375 0.56125 0.03875 0.56125
0 0.69125 0.29 0.70375 0.295 0.70875 0.305 0.7075 0.31875 0.7175 0.33125 0.71875 0.34875 0.72375 0.35375 0.73375 0.35375 0.73375 0.3475 0.7275 0.3475 0.725 0.345 0.72375 0.3275 0.71375 0.31625 0.715 0.3025 0.71 0.29125 0.69375 0.28375 0.66875 0.2825 0.6675 0.26375 0.65625 0.25 0.66125 0.2375 0.65625 0.23125 0.655 0.2325 0.6525 0.23375 0.65375 0.24125 0.65 0.2475 0.65 0.2525 0.66125 0.26625 0.6625 0.2875 0.66875 0.29125 0.69125 0.29
0 0.75375 0.37375 0.755 0.38375 0.7625 0.39375 0.76375 0.41375 0.7675 0.4175 0.77875 0.41625 0.8 0.41875 0.8025 0.42375 0.80625 0.42375 0.8075 0.41375 0.80125 0.41125 0.78125 0.41 0.78 0.41 0.76875 0.40875 0.76875 0.39 0.76125 0.38 0.7575 0.365 0.7475 0.3475 0.7425 0.34625 0.74 0.35 0.75375 0.37375
0 0.4575 0.1575 0.45125 0.15875 0.4475 0.16375 0.43875 0.1675 0.435 0.175 0.43125 0.1775 0.43125 0.205 0.43375 0.21125 0.42625 0.22 0.4275 0.22125 0.435 0.22125 0.43875 0.22625 0.44375 0.225 0.43875 0.20625 0.43875 0.18375 0.44125 0.17625 0.45875 0.1625 0.4575 0.1575