0 0.26422375 0.03386 0.26682875 0.048632499999999995 0.2711725 0.051675000000000006 0.29065124999999997 0.04697 0.32823375 0.044151249999999996 0.3823975 0.03460125 0.39391125000000005 0.03511 0.39854375 0.046985 0.4026675 0.070375 0.4099075 0.07544374999999999 0.41519125 0.09101375 0.41808750000000006 0.09304125 0.42547375000000004 0.09173875000000001 0.43438000000000004 0.09905375 0.444445 0.09854875 0.4580575 0.10376374999999999 0.46587375000000003 0.12650124999999998 0.47608249999999996 0.1412025 0.483685 0.14113125 0.48802999999999996 0.14417249999999998 0.498095 0.1436675 0.5156175000000001 0.1494625 0.52140875 0.15351875 0.5318287500000001 0.2126075 0.53885125 0.21644625 0.5458037499999999 0.21268125000000002 0.55340625 0.21261 0.55775125 0.21565125 0.56528 0.22955625000000002 0.58128 0.24831250000000002 0.58895375 0.25584375000000004 0.600105 0.26149374999999997 0.6069825 0.27170500000000003 0.6200887500000001 0.266855 0.62979125 0.27149 0.6339875 0.3024825 0.6373175 0.3069725 0.6557075 0.3176925 0.6812675 0.3258775 0.6938662499999999 0.33254125 0.70573875 0.34948749999999995 0.7204375000000001 0.3608575 0.72137625 0.373385 0.7346975 0.39134500000000005 0.7437487500000001 0.39228749999999996 0.75178375 0.41625625 0.75547375 0.43718375000000004 0.7593837499999999 0.4377625 0.7671325 0.43132 0.76706125 0.42371625 0.7625 0.41944375 0.7583012499999999 0.41003 0.7567100000000001 0.39381 0.748385 0.38258499999999995 0.7417950000000001 0.38120750000000003 0.7368000000000001 0.3744725 0.7304275 0.3743275 0.7273149999999999 0.37106875 0.72890875 0.36571 0.7338325 0.3648425 0.73586 0.36194625 0.7803937500000001 0.3553625 0.79719375 0.34986249999999997 0.80986625 0.34255 0.81421125 0.34559249999999997 0.8476649999999999 0.3409625 0.88097375 0.342705 0.8982075 0.33966625 0.9181925 0.3450275 0.92565 0.3513275 0.9315875 0.34901125 0.93810625 0.342785 0.934775 0.338295 0.93376125 0.33974375 0.92072875 0.3306175 0.9131262499999999 0.33068875 0.908565 0.32641624999999996 0.89234375 0.3280075 0.8870574999999999 0.33401625 0.8796712499999999 0.33531875 0.8708374999999999 0.3356075 0.8664937500000001 0.332565 0.85107 0.33147750000000004 0.81290875 0.33820625 0.80856375 0.33516375 0.80240875 0.33625 0.7874912500000001 0.34522624999999996 0.7294174999999999 0.3541975 0.71942625 0.3407275 0.71501 0.33008249999999995 0.70378875 0.31683 0.6951 0.31074625 0.68706375 0.308355 0.673305 0.3095125 0.66794625 0.30791875 0.65158375 0.2943025 0.64470625 0.28409125 0.643695 0.26396125000000004 0.62964875 0.25628375 0.6166875 0.25476125 0.60821625 0.24990874999999999 0.5979375 0.227605 0.60119875 0.20291374999999998 0.59968 0.19429625 0.59634875 0.18980625 0.5905575000000001 0.18575125 0.57861 0.18278 0.54798 0.181835 0.54508375 0.17980625 0.54313 0.1687275 0.536615 0.15337625 0.52619125 0.13744375 0.52206375 0.13563375 0.51199875 0.13613875 0.50620625 0.1320825 0.49201374999999997 0.1307775 0.480575 0.11629375 0.47167250000000005 0.08740125000000001 0.46464875 0.0835625 0.45849375000000003 0.0846475 0.43974125000000003 0.07906875000000001 0.42793875 0.06972625 0.4245375 0.05763375 0.41932499999999995 0.0496675 0.41186999999999996 0.021788750000000003 0.40875749999999994 0.01853 0.32729375 0.031625 0.29094375 0.03422625 0.27885000000000004 0.0376275 0.27552 0.0331375 0.2753025 0.03190625 0.26422375 0.03386
0 0.7980525 0.41952125 0.79088375 0.42205374999999995 0.7896525 0.42227125 0.79573375 0.43516125 0.8084775000000001 0.4354525 0.83063625 0.43154625 0.837805 0.42901249999999996 0.8383849999999999 0.4251025 0.83548875 0.42307375 0.80449625 0.42727 0.7980525 0.41952125
0 0.94751125 0.40332124999999996 0.94686 0.39962875 0.9454112499999999 0.398615 0.93027625 0.40636125 0.90935 0.41005125 0.8902325000000001 0.40961374999999994 0.8855262500000001 0.4117125 0.8816875000000001 0.41873625 0.879225 0.41917000000000004 0.8788625 0.42431125000000003 0.8871162499999999 0.4279325 0.8958799999999999 0.42004125000000003 0.92766875 0.41316749999999997 0.94179 0.40686875 0.94751125 0.40332124999999996
0 0.97329375 0.3695825 0.9597525 0.37197 0.95852125 0.37218625000000005 0.94917875 0.38398875 0.9482362500000001 0.39304 0.95011875 0.396515 0.97539 0.39586750000000004 0.9836437499999999 0.39948875 0.98610625 0.39905500000000005 0.9866862500000001 0.39514499999999997 0.982125 0.39087249999999996 0.9808225 0.38348625 0.973365 0.377185 0.97619 0.37161 0.97329375 0.3695825
0 0.39627125 0.24285625 0.39685125 0.23894500000000002 0.39663375 0.237715 0.34819125 0.24371749999999998 0.34406374999999995 0.24190750000000003 0.335235 0.19903875 0.32944375000000004 0.19498249999999998 0.32183999999999996 0.19505375 0.31127 0.185495 0.28802625 0.18324625 0.28411875 0.16108875 0.2757225 0.14226 0.26848125 0.13719125 0.25675125 0.13545125 0.24567250000000002 0.137405 0.23495625 0.1342175 0.23039500000000002 0.129945 0.21729375 0.0916375 0.21113875000000001 0.0927225 0.22489125000000001 0.1347225 0.23524375 0.14305125 0.26587375 0.1439975 0.27354875 0.15152875 0.2825225 0.188025 0.289545 0.19186375000000003 0.3059825 0.19150375 0.3136575 0.19903625000000003 0.3287175 0.20526499999999998 0.3381975 0.25182625000000003 0.3437725 0.25465125 0.34681375000000003 0.2503075 0.3521725 0.25190124999999997 0.36774124999999996 0.24661750000000002 0.39627125 0.24285625
0 0.42834000000000005 0.30955 0.41139749999999997 0.29984500000000003 0.41016624999999995 0.3000625 0.40958625 0.3039725 0.42117125 0.31208375 0.43702874999999997 0.31563375 0.44527625 0.3624125 0.4509975 0.358865 0.45092625 0.3512625 0.44832125 0.33649 0.4445575 0.3295375 0.44658499999999995 0.32664125 0.4436175 0.31701125 0.4386225 0.31027625000000003 0.42834000000000005 0.30955
0 0.30175375 0.39787374999999997 0.25106625 0.40554250000000003 0.249835 0.40575875000000006 0.25193375 0.41046625 0.26199875 0.40996000000000005 0.30016 0.40323125 0.31167374999999997 0.40374000000000004 0.32890749999999996 0.40070124999999995 0.33462875 0.39715375 0.3826375 0.38868875 0.402985 0.38890875 0.41470999999999997 0.433805 0.40283375 0.4384375 0.3856 0.44147624999999996 0.37763375000000005 0.44668875 0.3747375 0.44466125 0.37147874999999997 0.44777374999999997 0.36756875 0.44719375 0.3640175 0.46305124999999997 0.360325 0.46370249999999996 0.35503875 0.4697125 0.35995875 0.49042250000000004 0.36568 0.486875 0.3742975 0.485355 0.38298625000000003 0.49143875000000004 0.38646125 0.48955750000000003 0.37937 0.45653625 0.38299124999999995 0.4482825 0.4071775 0.44147875 0.42462874999999994 0.43967125 0.42767125 0.4353275 0.42021625 0.40744875 0.41058875 0.3888375 0.422465 0.38420499999999996 0.42159625 0.37928125 0.42601500000000003 0.3683475 0.42290125 0.36508875 0.41718000000000005 0.36863625 0.41420999999999997 0.3805825 0.40725875 0.3843475 0.38792499999999996 0.38267874999999996 0.33252875000000004 0.39244750000000006 0.31449875 0.398165 0.30175375 0.39787374999999997
0 0.33374250000000005 0.5217 0.33142625000000003 0.5157625 0.33120875 0.51453125 0.32729874999999997 0.51395125 0.32389375000000004 0.52343625 0.31506 0.523725 0.30564625 0.52792375 0.27725875 0.5468912499999999 0.26835000000000003 0.561155 0.2669025 0.56014125 0.26262875 0.5647025 0.256905 0.5898275000000001 0.25082125 0.59851625 0.24408625 0.60351125 0.23814875000000002 0.6058275 0.23156 0.60445125 0.21801874999999998 0.60683875 0.20512875 0.61292 0.19405 0.6148725 0.18261 0.60038875 0.178415 0.5693975 0.17551875 0.56736875 0.1708125 0.56946875 0.17305375 0.58938125 0.17732375 0.60639875 0.1833325 0.611685 0.187315 0.61986875 0.19289 0.6226925 0.2052 0.6205225 0.22649 0.61169125 0.24661999999999998 0.61068 0.262915 0.595115 0.2684925 0.57636125 0.28529625 0.54928125 0.30694875 0.53531 0.3286725 0.52894 0.33374250000000005 0.5217
0 0.35582375 0.55334625 0.3506825 0.55298375 0.34945125 0.55320125 0.35031875 0.558125 0.3638575 0.577315 0.39426625000000004 0.59860875 0.3977425 0.59672625 0.396875 0.5918025 0.3739225 0.5768099999999999 0.36646500000000004 0.57050875 0.35582375 0.55334625
0 0.6808775 0.52522375 0.6750149999999999 0.5135649999999999 0.6747974999999999 0.51233375 0.66987375 0.5132025 0.6678449999999999 0.51609875 0.67161 0.52305 0.675805 0.5540425 0.6823950000000001 0.55542 0.6844225 0.55252375 0.68283125 0.53630375 0.6808775 0.52522375
0 0.96487875 0.48022374999999995 0.95010625 0.48282875 0.948875 0.48304625 0.947065 0.48717374999999996 0.9514087499999999 0.490215 0.9649500000000001 0.4878275 0.9669775 0.48493125 0.96487875 0.48022374999999995
0 0.30358250000000003 0.26427625 0.30090375 0.26348 0.29945625 0.262465 0.2956175 0.26948875 0.30271125 0.28093 0.29402 0.296425 0.296045 0.31510750000000004 0.2716425 0.32067999999999997 0.25694125 0.3308875 0.25397125 0.34283499999999995 0.25759 0.35615875 0.249695 0.368975 0.2515025 0.38642625 0.249475 0.38932125 0.24332 0.3904075 0.244405 0.3965625 0.25425375 0.39482625 0.25830875 0.38903374999999996 0.25650125 0.37158250000000004 0.26417874999999996 0.35753500000000005 0.26056 0.34421125 0.26374749999999997 0.333495 0.27519 0.3264 0.29756499999999997 0.32372500000000004 0.30306875 0.31894625 0.30061 0.29780249999999997 0.30930125 0.2823075 0.3084325 0.27738375000000004 0.30365375 0.27188 0.30358250000000003 0.26427625
0 0.2194875 0.45680374999999995 0.208625 0.45998875 0.207395 0.46020625000000004 0.187915 0.46491 0.182195 0.4684575 0.1851625 0.47808875 0.188855 0.47743749999999996 0.19044875 0.47207875 0.21094124999999997 0.46592625 0.22223749999999998 0.46520375 0.22527999999999998 0.46086 0.2230375 0.44094625 0.2286875 0.42979625 0.22818249999999998 0.41973125000000006 0.23759875 0.393955 0.23448625 0.39069499999999996 0.22977875 0.392795 0.22297 0.411765 0.22188125 0.42718874999999995 0.21623125 0.43833875 0.2194875 0.45680374999999995
0 0.5156075 0.2141975 0.5229937499999999 0.212895 0.5240075000000001 0.21144749999999998 0.5151025 0.20413250000000002 0.51647875 0.19754375 0.51170375 0.17046125 0.50757625 0.16865 0.50258125 0.161915 0.49331375 0.15974125 0.48875250000000003 0.15546875 0.48238 0.15532375 0.4820175 0.16046500000000002 0.50163875 0.17096625 0.5054037499999999 0.17791875000000001 0.5093099999999999 0.20007625 0.5076425 0.21941 0.51278375 0.2197725 0.5156075 0.2141975