0 0.4319230775 0.9681538462499999 0.43131009625 0.9591826925 0.43143990375 0.95369471125 0.430625 0.94986298125 0.42889663499999997 0.944771635 0.42416826874999997 0.9377668275000001 0.41852163500000006 0.92950240375 0.41639423125 0.925584135 0.415459135 0.9181394224999999 0.41712499999999997 0.91378125 0.41695913500000004 0.90689903875 0.41569951875 0.900978365 0.41630048125 0.8946610575 0.415365385 0.8872163462499999 0.41480048125 0.8815096149999999 0.41339423125 0.8748918274999999 0.4151610575 0.8679639425000001 0.4147451925 0.8629567312499999 0.41468028875 0.8535048075 0.41158894250000005 0.84506009625 0.41018269250000006 0.8384423074999999 0.4102668275 0.8296875 0.408240385 0.8232019225 0.406240385 0.8137980775 0.402353365 0.80770673125 0.3990144225 0.80113701875 0.39559855749999995 0.79421875 0.39434134625 0.7882956725 0.3907764425 0.78068028875 0.38753846125 0.7715408650000001 0.38613221125 0.7649230775 0.38460576875 0.75468990375 0.38409615375 0.7431490387499999 0.38159615375 0.737490385 0.37797115374999996 0.74481490375 0.376822115 0.7516105774999999 0.37899759625 0.7587932687500001 0.3801081725 0.7640192312499999 0.38203365375 0.77307451875 0.38435576875000005 0.7809543275 0.384521635 0.787834135 0.3847644225 0.7950649037499999 0.38949278875 0.8020673075000001 0.391 0.8061153849999999 0.39451682750000006 0.8104663462499999 0.39919951875000004 0.8142019225 0.40008653875 0.81838221125 0.4005048075 0.8233894225 0.4013918275 0.8275697112500001 0.4025769225 0.83314423125 0.40388221125 0.8423317312499999 0.40449278875 0.8513028850000001 0.40649278875 0.86070673125 0.406509615 0.8668918275 0.40484375 0.87125 0.40478846124999995 0.87708653875 0.4060480775 0.8830072112499999 0.40752884625 0.8899735575 0.40960096125 0.8997259612499999 0.41086057750000005 0.905646635 0.4112764425 0.91065625 0.41020432749999997 0.9178004812499999 0.4094543275 0.9234206725 0.41086057750000005 0.93003846125 0.41764423125 0.9406105775 0.42021634625 0.9466153850000001 0.42224278875000004 0.95310096125 0.42424278875 0.9625048074999999 0.42612019250000005 0.9682956724999999 0.43037740375 0.9761274037500001 0.438603365 0.9812956724999999 0.44080528874999997 0.98556009625 0.44068028875000004 0.9923894225 0.4411514425 0.99759615375 0.453134615 0.99712740375 0.45006971125 0.99661298125 0.44731971125000003 0.99181971125 0.44819230750000005 0.9806514425 0.445375 0.9750168275 0.4372980775 0.9721081725 0.4319230775 0.9681538462499999
0 0.21868749999999998 0.16222115375 0.2225456725 0.17123076874999998 0.22348076875 0.17867548125 0.223322115 0.18708173125 0.22539663499999998 0.196834135 0.22791346125 0.208677885 0.23254086499999999 0.21825 0.23960096125 0.22403125 0.24494951875 0.23090384625 0.253072115 0.23864182750000001 0.26035576875 0.24546634625 0.26899759625 0.25564182750000003 0.274125 0.26147115374999996 0.2811298075 0.27308653875 0.28243509625 0.28227403875 0.28031490375 0.293646635 0.2804543275 0.30344471125 0.28235096125 0.3154206725 0.28625721125 0.32769471125000005 0.29438221124999997 0.3354326925 0.2994326925 0.34091346125 0.3071610575 0.34982692249999997 0.31305528875 0.35621875000000003 0.31490625 0.364927885 0.31905048125 0.3844326925 0.32449278875 0.39783653874999997 0.3413605775 0.4131826925 0.3468581725 0.42075 0.35351923125 0.42770673125 0.35780528875 0.43262259625 0.3596826925 0.4384110575 0.3613389425 0.44315625 0.36113701875 0.44829567249999996 0.35780528875 0.45701201875 0.35990625000000004 0.46384615375000005 0.364634615 0.47085096125 0.36936298125 0.477853365 0.3747860575 0.48507451875 0.37995673125 0.49416826875 0.38438942249999997 0.49977884625 0.3858701925 0.5067451925 0.386584135 0.513146635 0.395125 0.5258918275 0.39948317250000004 0.53115384625 0.4080048075 0.53771634625 0.41315865375 0.540625 0.42331971125 0.54574759625 0.43005528875000004 0.553052885 0.424384615 0.57209615375 0.42447596125 0.57862740375 0.42143269250000004 0.59784134625 0.41988701874999995 0.60581490375 0.419509615 0.61317548125 0.4170480775 0.6198894225 0.41426201874999996 0.628125 0.4091730775 0.63466826875 0.40299278875 0.6421706725 0.40070673125 0.6466610575 0.39916346124999996 0.65463221125 0.39811778875000003 0.6588605775 0.39602644249999996 0.6673125 0.39659134625 0.6730192312500001 0.3979230775 0.6792884612500001 0.399478365 0.6866009612499999 0.401209135 0.69169471125 0.40382692249999996 0.70096634625 0.40880528875000005 0.7060985575 0.4117019225 0.7105793275000001 0.4138485575 0.72068028875 0.41795673125 0.72781490375 0.42494471125 0.73324759625 0.42932932749999997 0.73559134625 0.434677885 0.7424639424999999 0.438165865 0.74973076875 0.4351610575 0.7569230775 0.427915865 0.76246634625 0.42290144249999995 0.7693581725 0.42106009624999996 0.7759375 0.41728365375000004 0.78256490375 0.4149423075 0.7928918275 0.41285336499999997 0.80134615375 0.41068750000000004 0.80944951875 0.41122355749999995 0.818072115 0.41515625 0.8274302887499999 0.41758173125 0.832740385 0.42260576875 0.84113701875 0.4244855775 0.84692548125 0.4249014425 0.8519350962500001 0.4238293275 0.8590793275 0.4264110575 0.8559831724999999 0.42993509625000004 0.8512283650000001 0.4285 0.8475288462499999 0.42753846125 0.843 0.426353365 0.837427885 0.4262331725 0.8338125 0.42487259625 0.8304615387500001 0.42103365375 0.82763701875 0.4175168275 0.82328846125 0.41454567249999996 0.8184591349999999 0.4138798075 0.8153245187500001 0.41747836499999996 0.81091826875 0.4198389425 0.8067764425 0.42061538499999995 0.79823798125 0.42089423125000003 0.793447115 0.42131971125 0.7893533650000001 0.42323317250000003 0.7831201925000001 0.42613942250000003 0.77849759625 0.42973798125 0.77409375 0.4324951925 0.7687740387499999 0.43517788500000004 0.7631081725 0.44049038500000004 0.7576105775 0.4440144225 0.75285576875 0.44570913500000003 0.7455793275000001 0.44506971125 0.7395264425000001 0.44271875 0.73456490375 0.4376394225 0.7320048075 0.43171634625000005 0.7285312500000001 0.42827403875000003 0.72453125 0.42545192249999997 0.7203966350000001 0.42203846125 0.713478365 0.41946634625 0.7074735575 0.41810576875000005 0.7041201925 0.41287740375 0.70086298125 0.40757451875 0.697259615 0.40926923125000003 0.6899807687499999 0.408084135 0.68440865375 0.40697355749999997 0.67918509625 0.40318750000000003 0.67052403875 0.40262259624999996 0.6648197112500001 0.4053076925 0.6591514425 0.40714903874999997 0.652572115 0.408740385 0.647865385 0.40847115375000004 0.643552885 0.4095168275 0.6393269225 0.41596634625 0.63613701875 0.41901923125 0.63221153875 0.42185096125 0.627240385 0.42299759625 0.62044471125 0.42531009625000005 0.6130360575 0.42682692250000004 0.60798076875 0.42772596125 0.6030576925 0.43147115375 0.5993485574999999 0.43368269249999997 0.594509615 0.4329519225 0.5819230774999999 0.43266586500000004 0.571427885 0.43445913500000005 0.56158173125 0.43543028874999995 0.5570048074999999 0.43888221125 0.55190384625 0.4383173075 0.54619951875 0.43118269249999996 0.54006971125 0.42811057750000003 0.53781009625 0.42328125 0.53337740375 0.4172860575 0.52955528875 0.41000240374999997 0.52273076875 0.40455288500000003 0.5184278849999999 0.3986298075 0.5149543275 0.39518749999999997 0.5109543275 0.3932355775 0.50481490375 0.39205048124999997 0.49924278875 0.39039423125 0.49449759625 0.38673076875 0.48945192249999997 0.38309375 0.48148798125 0.3773485575 0.47579326875 0.37425721125 0.46734855750000004 0.3694543275 0.45999759625000003 0.3677235575 0.45490384624999997 0.37048076875 0.449584135 0.37115625 0.44361778874999996 0.3716105775 0.436603365 0.3698798075 0.43151201875 0.36453125 0.42463942250000003 0.3575456725 0.41920673125 0.3539831725 0.41159134625 0.350540865 0.40759134625000004 0.34345192249999995 0.404728365 0.3406298075 0.40059615375 0.3389735575 0.39585096125 0.33545673125000003 0.39150240375 0.3335048075 0.385365385 0.3330144225 0.38000721125 0.3329206725 0.37347596125000004 0.33243028875 0.36811778875 0.33295673125 0.36145432749999995 0.32592548125 0.3527548075 0.3207980775 0.346927885 0.31673798125 0.34306009625 0.3111394225 0.33806009625 0.30506971125 0.3338894225 0.30264423125 0.32858173125 0.2983605775 0.32366586499999994 0.29462259625000004 0.318271635 0.29266826875 0.312134615 0.2914110575 0.3062139425 0.29059615375 0.30238221125 0.29116826875 0.2989831725 0.29239182750000003 0.2925360575 0.29120673125 0.28696153875 0.29225240375 0.2827355775 0.293103365 0.2745456725 0.29132692250000003 0.26618749999999997 0.2875144225 0.26044471125 0.28236778875 0.2484326925 0.27501201875 0.24125961499999998 0.26700721125 0.23713461500000002 0.259447115 0.23510096125000002 0.25238701875 0.22932211500000002 0.24751201875 0.22162259625 0.24439423125 0.21609615375000002 0.2390168275 0.2121418275 0.2372860575 0.2070480775 0.23533413500000003 0.20091105750000002 0.2333076925 0.19442548124999998 0.231677885 0.18676201875 0.2290048075 0.18332692250000002 0.23394471125 0.17608653875000002 0.230853365 0.16764423125 0.22868028875000002 0.16046153875000002 0.22705048125000002 0.1527980775 0.21703846124999998 0.14837259625 0.20950721125000002 0.14342067249999998 0.206240385 0.13719951875 0.200271635 0.130459135 0.19492307749999999 0.12358653875 0.1912860575 0.11562259624999999 0.19002884625 0.10970192250000001 0.18758653875 0.09820673125000001 0.18580769249999998 0.0898485575 0.18140384625 0.08131971125 0.178165865 0.072177885 0.17031730750000001 0.05964903875 0.17023076875 0.05944951875 0.162509615 0.06108894249999999 0.16285096124999998 0.06414903875 0.1674326925 0.0704543275 0.16901442249999998 0.07485096125 0.1719110575 0.07933173125 0.1734639425 0.086646635 0.17702884624999998 0.09426201875000001 0.17997115375 0.102009615 0.18152403875 0.10932451875 0.18377403874999998 0.11685576875 0.185625 0.1255625 0.18874278875000003 0.1310889425 0.1960264425 0.13791346125 0.20184615375 0.14395673125 0.20858173125 0.15126201875 0.214875 0.156478365 0.21868749999999998 0.16222115375
0 0.28365384625 0.036057692499999995 0.26923076875 0.048076922499999994 0.26923076875 0.0673076925 0.2644230775 0.07211538499999999 0.25721153874999997 0.0889423075 0.25721153874999997 0.11538461500000001 0.24519230749999998 0.146634615 0.24519230749999998 0.18028846125 0.25721153874999997 0.19471153875 0.26201923125 0.20432692249999998 0.26201923125 0.21394230749999998 0.2644230775 0.21634615375 0.2644230775 0.23798076875 0.26923076875 0.24278846125 0.27884615375 0.24278846125 0.27884615375 0.23557692249999998 0.27403846125000003 0.23317307750000002 0.271634615 0.20192307750000002 0.2668269225 0.18990384625 0.2548076925 0.177884615 0.25240384625 0.15865384625 0.2548076925 0.15625 0.2548076925 0.14903846125 0.259615385 0.1394230775 0.259615385 0.134615385 0.2644230775 0.12740384625 0.2644230775 0.11778846124999999 0.2668269225 0.11538461500000001 0.2668269225 0.09134615374999999 0.271634615 0.08413461500000001 0.271634615 0.0793269225 0.27884615375 0.06971153875 0.27884615375 0.052884615 0.28365384625 0.048076922499999994 0.28846153874999997 0.048076922499999994 0.2956730775 0.040865385 0.2980769225 0.040865385 0.2980769225 0.03365384625 0.2956730775 0.03365384625 0.28846153874999997 0.03365384625 0.28365384625 0.036057692499999995
0 0.4014423075 0.019230768750000002 0.43028846125000003 0.019230768750000002 0.44471153874999997 0.028846153750000002 0.46634615375000005 0.028846153750000002 0.46875 0.03125 0.52884615375 0.03125 0.552884615 0.040865385 0.5769230774999999 0.040865385 0.5793269225000001 0.043269231250000005 0.5985576925 0.043269231250000005 0.60096153875 0.045673077500000006 0.603365385 0.043269231250000005 0.615384615 0.043269231250000005 0.62740384625 0.036057692499999995 0.6418269225000001 0.03365384625 0.6442307687500001 0.03125 0.7043269225000001 0.03125 0.7139423075000001 0.024038461249999997 0.72596153875 0.021634615 0.728365385 0.019230768750000002 0.75 0.019230768750000002 0.7548076924999999 0.016826922499999997 0.7548076924999999 0.01201923125 0.75240384625 0.009615384999999999 0.728365385 0.009615384999999999 0.6995192312499999 0.021634615 0.6442307687500001 0.021634615 0.6418269225000001 0.024038461249999997 0.634615385 0.024038461249999997 0.625 0.028846153750000002 0.6201923075 0.028846153750000002 0.61298076875 0.03365384625 0.572115385 0.03365384625 0.56971153875 0.03125 0.552884615 0.03125 0.52884615375 0.021634615 0.4951923075 0.024038461249999997 0.49278846125000003 0.021634615 0.45673076875 0.021634615 0.4543269225 0.019230768750000002 0.44711538500000003 0.019230768750000002 0.43990384624999995 0.01201923125 0.4326923075 0.01201923125 0.43028846125000003 0.009615384999999999 0.39903846125000003 0.009615384999999999 0.39903846125000003 0.01201923125 0.39663461499999997 0.014423077500000001 0.4014423075 0.019230768750000002
0 0.44951923125 0.75240384625 0.4639423075 0.759615385 0.47836538500000003 0.771634615 0.49038461499999997 0.7980769225000001 0.4951923075 0.802884615 0.49759615375000005 0.8173076924999999 0.5048076925 0.834134615 0.51201923125 0.84134615375 0.521634615 0.84615384625 0.53365384625 0.865384615 0.53125 0.86778846125 0.53125 0.875 0.5360576925 0.8798076924999999 0.52884615375 0.8870192312499999 0.52884615375 0.896634615 0.53365384625 0.90384615375 0.521634615 0.915865385 0.51923076875 0.93028846125 0.51201923125 0.9375 0.50240384625 0.9423076924999999 0.5 0.947115385 0.50240384625 0.9567307687500001 0.51923076875 0.96875 0.52403846125 0.97596153875 0.52403846125 0.99759615375 0.5360576925 0.99759615375 0.53365384625 0.99278846125 0.53365384625 0.97115384625 0.52884615375 0.96153846125 0.5264423075 0.96153846125 0.5144230774999999 0.9495192312499999 0.5264423075 0.93990384625 0.52884615375 0.93509615375 0.52884615375 0.927884615 0.53846153875 0.9206730774999999 0.53846153875 0.915865385 0.54326923125 0.9110576924999999 0.54326923125 0.896634615 0.540865385 0.8918269225000001 0.55048076875 0.8798076924999999 0.5480769225000001 0.875 0.55048076875 0.87259615375 0.572115385 0.87259615375 0.584134615 0.87740384625 0.625 0.87740384625 0.62740384625 0.875 0.63701923125 0.875 0.6394230774999999 0.87259615375 0.6514423075000001 0.87259615375 0.65865384625 0.8629807687500001 0.6610576924999999 0.8557692312499999 0.65865384625 0.853365385 0.6514423075000001 0.853365385 0.6442307687500001 0.8629807687500001 0.634615385 0.8629807687500001 0.63221153875 0.865384615 0.61298076875 0.865384615 0.6105769225000001 0.86778846125 0.59134615375 0.86778846125 0.5889423075 0.865384615 0.5793269225000001 0.865384615 0.5769230774999999 0.8629807687500001 0.5480769225000001 0.8629807687500001 0.53365384625 0.84615384625 0.53365384625 0.84375 0.51201923125 0.8245192312499999 0.50721153875 0.8125 0.50721153875 0.802884615 0.49759615375000005 0.78846153875 0.4951923075 0.77884615375 0.49038461499999997 0.77403846125 0.48798076875 0.7668269225000001 0.46634615375000005 0.74759615375 0.45673076875 0.74278846125 0.44951923125 0.74278846125 0.44951923125 0.7451923075000001 0.44711538500000003 0.74759615375 0.44951923125 0.75240384625
0 0.36298076875 0.9735576924999999 0.3581730775 0.9735576924999999 0.35576923125 0.97596153875 0.3485576925 0.97596153875 0.34134615375000005 0.97115384625 0.3269230775 0.97115384625 0.31009615375 0.9831730774999999 0.290865385 0.99278846125 0.28365384625 0.99278846125 0.28125 0.9951923075000001 0.28125 0.99759615375 0.30048076875 0.99759615375 0.302884615 0.9951923075000001 0.3076923075 0.9951923075000001 0.31971153874999997 0.9855769225000001 0.33413461499999997 0.978365385 0.33653846125000003 0.9807692312499999 0.34134615375000005 0.9807692312499999 0.34615384624999995 0.9855769225000001 0.36298076875 0.9831730774999999 0.3798076925 0.97115384625 0.38461538500000003 0.9639423075000001 0.38221153874999997 0.959134615 0.3798076925 0.959134615 0.37259615375000005 0.96153846125 0.36298076875 0.9735576924999999
0 0.20432692249999998 0.6923076924999999 0.1875 0.6923076924999999 0.177884615 0.7019230774999999 0.15865384625 0.7019230774999999 0.15625 0.7043269225000001 0.1514423075 0.7043269225000001 0.14423076875 0.71153846125 0.14423076875 0.71634615375 0.1394230775 0.72115384625 0.10817307749999999 0.7307692312499999 0.09615384625000001 0.740384615 0.09134615374999999 0.7379807687500001 0.0793269225 0.7379807687500001 0.0769230775 0.740384615 0.06490384625 0.740384615 0.0625 0.74278846125 0.057692307500000005 0.74278846125 0.055288461250000004 0.7451923075000001 0.055288461250000004 0.75 0.057692307500000005 0.75240384625 0.0625 0.75240384625 0.06971153875 0.74759615375 0.08413461500000001 0.74759615375 0.08653846124999999 0.7451923075000001 0.0889423075 0.74759615375 0.10096153875000001 0.74759615375 0.10817307749999999 0.74278846125 0.11538461500000001 0.74278846125 0.1201923075 0.7355769225000001 0.125 0.7355769225000001 0.13221153875 0.7307692312499999 0.146634615 0.728365385 0.1514423075 0.72115384625 0.1514423075 0.71634615375 0.15625 0.71153846125 0.16105769250000002 0.71153846125 0.16346153875 0.709134615 0.18028846125 0.709134615 0.19230769250000002 0.6995192312499999 0.20673076875 0.7019230774999999 0.21153846125 0.697115385 0.21634615375 0.697115385 0.21875 0.69471153875 0.22115384625 0.697115385 0.23557692249999998 0.697115385 0.23557692249999998 0.68990384625 0.22596153875 0.68990384625 0.22355769250000002 0.6875 0.22115384625 0.6875 0.21394230749999998 0.6875 0.20432692249999998 0.6923076924999999
0 0.06009615375 0.57451923125 0.045673077500000006 0.57451923125 0.043269231250000005 0.5769230774999999 0.036057692499999995 0.5769230774999999 0.014423077500000001 0.5889423075 0.016826922499999997 0.59375 0.021634615 0.59375 0.040865385 0.58173076875 0.06009615375 0.58173076875 0.0673076925 0.5769230774999999 0.0769230775 0.5793269225000001 0.0793269225 0.5769230774999999 0.10576923125 0.5769230774999999 0.11538461500000001 0.56971153875 0.1201923075 0.56971153875 0.12740384625 0.56490384625 0.1418269225 0.5625 0.14423076875 0.56009615375 0.18990384625 0.56009615375 0.19230769250000002 0.5576923075 0.21634615375 0.5576923075 0.23317307750000002 0.55048076875 0.23798076875 0.5456730774999999 0.26201923125 0.5456730774999999 0.2860576925 0.53365384625 0.34134615375000005 0.53365384625 0.36538461499999997 0.51923076875 0.3701923075 0.51923076875 0.38461538500000003 0.5048076925 0.38221153874999997 0.5 0.3798076925 0.5 0.3701923075 0.509615385 0.34615384624999995 0.521634615 0.34134615375000005 0.5264423075 0.3293269225 0.5264423075 0.3269230775 0.52884615375 0.27884615375 0.52884615375 0.27403846125000003 0.53365384625 0.2668269225 0.53365384625 0.259615385 0.53846153875 0.23798076875 0.53846153875 0.21634615375 0.55048076875 0.16826923125 0.552884615 0.165865385 0.55528846125 0.16105769250000002 0.552884615 0.14423076875 0.552884615 0.134615385 0.5576923075 0.12740384625 0.5576923075 0.11298076875 0.56490384625 0.10817307749999999 0.56490384625 0.10096153875000001 0.572115385 0.09375 0.572115385 0.09134615374999999 0.56971153875 0.0889423075 0.56971153875 0.0673076925 0.56971153875 0.06009615375 0.57451923125
0 0.209134615 0.11298076875 0.22355769250000002 0.12259615374999999 0.22596153875 0.12740384625 0.23076923125 0.12740384625 0.23798076875 0.1394230775 0.24278846125 0.1418269225 0.24519230749999998 0.13701923125 0.23798076875 0.1298076925 0.23798076875 0.12259615374999999 0.25240384625 0.11057692250000001 0.25240384625 0.10817307749999999 0.24759615375 0.10576923125 0.23798076875 0.11538461500000001 0.228365385 0.1201923075 0.21634615375 0.11057692250000001 0.20192307750000002 0.10576923125 0.20192307750000002 0.10817307749999999 0.20432692249999998 0.11298076875 0.209134615 0.11298076875
0 0.11057692250000001 0.17307692249999998 0.10336538499999999 0.177884615 0.08653846124999999 0.177884615 0.0793269225 0.18509615375 0.055288461250000004 0.18509615375 0.052884615 0.1875 0.048076922499999994 0.1875 0.048076922499999994 0.18990384625 0.040865385 0.197115385 0.03846153875 0.197115385 0.03125 0.20432692249999998 0.021634615 0.20432692249999998 0.016826922499999997 0.20673076875 0.01201923125 0.21153846125 0.01201923125 0.21634615375 0.016826922499999997 0.21634615375 0.024038461249999997 0.209134615 0.03365384625 0.209134615 0.03846153875 0.20673076875 0.045673077500000006 0.19951923125 0.048076922499999994 0.19951923125 0.050480768749999995 0.19471153875 0.055288461250000004 0.19471153875 0.06009615375 0.18990384625 0.07211538499999999 0.18990384625 0.0769230775 0.19230769250000002 0.0889423075 0.18269230749999998 0.10817307749999999 0.18269230749999998 0.11298076875 0.177884615 0.1394230775 0.177884615 0.15865384625 0.15625 0.15384615375 0.15384615375 0.14903846125 0.15625 0.14903846125 0.15865384625 0.134615385 0.17307692249999998 0.11057692250000001 0.17307692249999998
0 0.540865385 0.552884615 0.53846153875 0.55528846125 0.5264423075 0.55048076875 0.51923076875 0.55048076875 0.5168269225000001 0.552884615 0.50240384625 0.55528846125 0.4951923075 0.56009615375 0.49038461499999997 0.56009615375 0.4831730775 0.5673076925 0.4639423075 0.56490384625 0.4423076925 0.55048076875 0.43990384624999995 0.552884615 0.43990384624999995 0.5576923075 0.46153846125000003 0.572115385 0.46875 0.572115385 0.47596153874999997 0.5769230774999999 0.48076923125 0.5769230774999999 0.5048076925 0.5625 0.51923076875 0.56009615375 0.521634615 0.5576923075 0.53365384625 0.56009615375 0.5360576925 0.5625 0.540865385 0.5625 0.54326923125 0.56009615375 0.56009615375 0.56009615375 0.56490384625 0.552884615 0.56971153875 0.552884615 0.5769230774999999 0.5456730774999999 0.5793269225000001 0.5456730774999999 0.5793269225000001 0.540865385 0.5769230774999999 0.53846153875 0.572115385 0.540865385 0.56490384625 0.540865385 0.56490384625 0.54326923125 0.55528846125 0.552884615 0.540865385 0.552884615
0 0.33653846125000003 0.42788461499999997 0.33173076875 0.43028846125000003 0.32211538500000003 0.43028846125000003 0.302884615 0.43990384624999995 0.290865385 0.43990384624999995 0.28846153874999997 0.4423076925 0.28365384625 0.4423076925 0.2764423075 0.44951923125 0.25721153874999997 0.45913461499999997 0.240384615 0.46153846125000003 0.23317307750000002 0.46634615375000005 0.21634615375 0.46634615375000005 0.21634615375 0.47115384624999995 0.21875 0.4735576925 0.240384615 0.4735576925 0.24519230749999998 0.46875 0.26201923125 0.46634615375000005 0.28125 0.45673076875 0.28846153874999997 0.44951923125 0.29326923125 0.44951923125 0.2956730775 0.44711538500000003 0.3076923075 0.44711538500000003 0.3173076925 0.4423076925 0.32211538500000003 0.4423076925 0.3269230775 0.4375 0.33653846125000003 0.4375 0.34134615375000005 0.43509615375000005 0.3485576925 0.42548076875 0.34615384624999995 0.4206730775 0.34375 0.4206730775 0.34134615375000005 0.4206730775 0.33653846125000003 0.42788461499999997