0 0 0.16099875 0.01282375 0.16470125 0.013107500000000001 0.18094875 0.00951125 0.1897625 0.0097075 0.20101125 0.0072724999999999995 0.20480374999999998 0.0161525 0.21215 0.017795000000000002 0.23462499999999997 0.02536 0.23824375 0.0416075 0.23796 0.042791249999999996 0.23418875 0.03025 0.23190750000000002 0.028585 0.2081825 0.02352 0.20452125 0.01977125 0.20458625000000003 0.0207375 0.18831625 0.025539999999999997 0.17698125 0.025256249999999997 0.16073374999999998 0.02146375 0.1583 0.01398625 0.15968 0.0039225 0.156105 0.007585 0.15104125 0.007148750000000001 0.126045 0.0033550000000000003 0.12361000000000001 0.00225875 0.13238125 0 0.13356 0 0.16099875
0 0.08896875 0.2296325 0.08272 0.22974125 0.08147 0.22976375000000002 0.06151625 0.23261125 0.056495 0.23144874999999998 0.055311250000000006 0.23521999999999998 0.08285125 0.23724 0.09177375 0.24708625 0.09199249999999999 0.25958375 0.10082750000000001 0.26443125 0.10705500000000001 0.26307125 0.10699 0.2593225 0.103175 0.25563874999999997 0.104185 0.24186875 0.08896875 0.2296325
0 0.124465 0.2577675 0.12071625 0.25783249999999996 0.11946625 0.25785375 0.11573874999999999 0.25917 0.11455375 0.26294125 0.11964000000000001 0.2678525 0.11735875 0.280395 0.1211525 0.28282875 0.13115 0.28265375 0.13358499999999998 0.27886125 0.13345375 0.2713625 0.12953 0.26142875 0.124465 0.2577675
0 0.1894775 0.2578825 0.18695625 0.25667625 0.18570625 0.25669875000000003 0.18325 0.25924125 0.1845875 0.26421875 0.18228375 0.27551125 0.16355875 0.2770875 0.16362375 0.28083749999999996 0.18248 0.28675875 0.19153375 0.30410375 0.19526125 0.30278875 0.19519625000000002 0.29903875 0.1912725 0.28910625 0.19236999999999999 0.280335 0.189805 0.27663 0.1894775 0.2578825
0 0.25236000000000003 0.27928875000000003 0.24606750000000002 0.2768975 0.24481750000000002 0.27692 0.24492750000000002 0.28316874999999997 0.24247125 0.28571124999999997 0.24389500000000003 0.29568875 0.25409 0.3067625 0.25904625 0.30417500000000003 0.25895875 0.29917625000000003 0.2526225 0.29428625 0.25236000000000003 0.27928875000000003
0 0.2816075 0.3075325 0.279065 0.30507625 0.2790425 0.30382625 0.265295 0.30406625 0.26814374999999996 0.32402000000000003 0.27068625 0.32647624999999997 0.28066375 0.32505125 0.2816075 0.3075325
0 0.2656875 0.3265625 0.26564374999999996 0.32406375 0.2656225 0.32281374999999995 0.24694 0.32689 0.2331925 0.32713000000000003 0.23575749999999998 0.33083625 0.23604125 0.34708374999999997 0.23867125 0.35453874999999996 0.241215 0.356995 0.2537125 0.35677625 0.25744 0.35546125000000006 0.257375 0.35171125000000003 0.25108250000000004 0.34932124999999997 0.249615 0.336845 0.25823250000000003 0.32919375 0.2656875 0.3265625
0 0.33229875 0.34665375 0.32852750000000003 0.34546875 0.32725499999999996 0.34424124999999994 0.28984875 0.349895 0.27360125 0.35017875 0.272395 0.3527 0.27498125 0.35765500000000006 0.3111175 0.35077375000000005 0.31241 0.35325125 0.30868249999999997 0.35456625 0.30749875 0.35833750000000003 0.31129124999999996 0.3607725 0.31262875 0.36575 0.31286875 0.37949750000000004 0.31664000000000003 0.3806825 0.32133375000000003 0.3630975 0.3211375 0.35184875 0.32986375 0.35044625 0.33229875 0.34665375
0 0.3290075 0.372965 0.32995125000000003 0.35544625 0.32993 0.35419625000000005 0.3249525 0.3555325 0.32506124999999997 0.3617825 0.320215 0.37061750000000004 0.3215075 0.37309624999999996 0.3290075 0.372965
0 0.33913625000000003 0.38028875 0.33407125 0.3766275 0.33282125 0.37664875000000003 0.326595 0.3780075 0.32819375 0.3979825 0.33073625 0.40043875 0.3432125 0.39897125 0.34314749999999994 0.39522125 0.33935499999999996 0.3927875 0.33913625000000003 0.38028875
0 0.39906125000000003 0.3754925 0.39276874999999994 0.37310250000000006 0.39151874999999997 0.37312375000000003 0.39053125 0.38814375 0.39427999999999996 0.38807749999999996 0.398095 0.3917625 0.403095 0.391675 0.40430124999999995 0.38915374999999996 0.40046374999999995 0.38421999999999995 0.39906125000000003 0.3754925
0 0.45805875 0.46072625 0.4517875 0.459585 0.45053750000000004 0.45960749999999995 0.4318125 0.46118375 0.4243575 0.46381500000000003 0.42442250000000004 0.46756375 0.4320525 0.47493250000000004 0.43854125000000005 0.48857125 0.44599625000000004 0.48594000000000004 0.446985 0.47092125 0.45812375000000005 0.46447499999999997 0.45805875 0.46072625
0 0.52161125 0.59213625 0.51534 0.59099625 0.51409125 0.5910175 0.49036625 0.5926825 0.49043125000000004 0.59643125 0.5104725 0.5985825 0.51305875 0.6035375 0.51343 0.6247849999999999 0.49851999999999996 0.6300462499999999 0.5026174999999999 0.6499775 0.511345 0.648575 0.5123325 0.633555 0.52590625 0.62331625 0.52676375 0.60079875 0.52161125 0.59213625
0 0.49268500000000004 0.65390125 0.49016374999999995 0.6526949999999999 0.48891375 0.65271625 0.48523000000000005 0.65653125 0.4790025 0.65789 0.4754275 0.6679550000000001 0.47922 0.6703887500000001 0.47948250000000003 0.68538625 0.48450375 0.68654875 0.48857999999999996 0.7052299999999999 0.493645 0.7088925 0.50239375 0.7087399999999999 0.50478375 0.7024475 0.49178375 0.67392 0.49174 0.6714199999999999 0.49912999999999996 0.6650400000000001 0.49156625 0.66142125 0.49268500000000004 0.65390125
0 0.584815 0.70355125 0.57733875 0.70493125 0.5760887499999999 0.7049537499999999 0.5736325 0.7074962499999999 0.55984125 0.7052375000000001 0.55990625 0.7089862499999999 0.57018875 0.7250587500000001 0.5802525 0.7286337500000001 0.58667625 0.7385237499999999 0.590425 0.73845875 0.59928375 0.744555 0.5970237500000001 0.75834625 0.592155 0.7659325 0.5924175 0.78093 0.6040362499999999 0.8019799999999999 0.606885 0.82193375 0.61322125 0.82682375 0.61933875 0.8192162500000001 0.619165 0.8092175 0.6178275 0.8042400000000001 0.6088825 0.793145 0.6010562500000001 0.7745287500000001 0.6107275 0.75560625 0.6104875 0.74185875 0.60531375 0.7319475 0.59654375 0.7308499999999999 0.594 0.7283937500000001 0.59240125 0.70841875 0.584815 0.70355125