0 0.484447115 0.046112981250000004 0.47813461500000004 0.06373798125 0.47924999999999995 0.0841394225 0.4745144225 0.09735576875 0.468990385 0.1127764425 0.46212740375000005 0.1382668275 0.45486778875 0.16034134625 0.44871634625 0.18475000000000003 0.443197115 0.2092043275 0.43933173125 0.22812740375 0.4344423075 0.24359375 0.4275 0.2702043275 0.42197596125 0.28562740375 0.42071875 0.303603365 0.41962259625000004 0.32836778875 0.42152403875 0.34656490375 0.4226394225 0.36696634625 0.42335576875 0.3839519225 0.426759615 0.39886778874999995 0.41973798125 0.42660576874999995 0.41674278875 0.44220192249999996 0.41753846125000005 0.45806490375000003 0.42268028874999997 0.4753605775 0.42252644250000004 0.4866418275 0.41968990375 0.50902403875 0.416540865 0.5359014425 0.4110985575 0.5592331724999999 0.40194471125 0.5811730775 0.396896635 0.598884615 0.39563942249999995 0.61686298125 0.39177884625 0.64481971125 0.3886298075 0.6716971150000001 0.38737259625 0.6896754812499999 0.38153365375 0.7095913462500001 0.3782235575 0.7296826925000001 0.37617788500000005 0.7498629812500001 0.3716105775 0.7879326925 0.3705889425 0.80253846125 0.369802885 0.81377403875 0.36483173125 0.83036298125 0.36128365375 0.8447932687499999 0.35694471125 0.8614254812500001 0.3559230775 0.87603125 0.3550625 0.89742548125 0.35539182750000003 0.9290625 0.3549206725 0.935802885 0.35303125 0.9537355775 0.34979807749999997 0.9727043275 0.344197115 0.98925 0.3438701925 0.99651923125 0.34616105750000004 0.99668028875 0.350834135 0.99423076875 0.35809615375 0.9811875000000001 0.3631418275 0.9544423075 0.363927885 0.94320673125 0.36415624999999996 0.921771635 0.36375240374999995 0.9002908650000001 0.36556009625 0.8744471149999999 0.3662668275 0.86433653875 0.37171153875 0.8500384612499999 0.37565865375 0.8390240387500001 0.38015384625000004 0.8201442312499999 0.38101682750000004 0.80778365375 0.38346153875 0.79101923125 0.38463942250000005 0.774165865 0.38502403874999996 0.75048076875 0.38604567250000005 0.7358750000000001 0.3873076925 0.72693028875 0.39212019249999996 0.7125889424999999 0.39417067250000004 0.7014423075 0.39511298125000005 0.6879591349999999 0.396290865 0.671103365 0.39928365374999997 0.6464735575 0.40172596125 0.629709135 0.40440384625 0.609572115 0.40858413499999996 0.5951875 0.4139519225 0.58201201875 0.4193173075 0.5688389425 0.42594471125 0.54672115375 0.42696634625 0.532115385 0.4305168275 0.51768509625 0.43445913500000005 0.49763701875000005 0.43579326875 0.4785360575 0.43270913499999997 0.46815865375 0.42828125 0.45881730750000005 0.42748557750000005 0.4429543275 0.42882211499999995 0.42385336500000004 0.43505528875000005 0.407353365 0.4374206725 0.39171153875000003 0.4355168275 0.37351201875 0.43274759625000003 0.3586394225 0.4306875 0.34268990375 0.42649278875 0.3209423075 0.42790625 0.30071875 0.42924519250000004 0.29065144249999997 0.43563221124999996 0.2628701925 0.44060336499999997 0.24628125 0.44644230749999997 0.22636778875000002 0.45014903875 0.20968990375000002 0.453697115 0.195259615 0.46340144250000004 0.1654543275 0.46837259625 0.14886538500000002 0.4732644225 0.13339903875 0.4785480775 0.1123173075 0.48320432750000003 0.10022355749999999 0.48841346125 0.08929567249999999 0.48564423125 0.0744230775 0.48832451875 0.06331971125 0.49543509625 0.06156009625 0.5036418275 0.044069711250000004 0.5067163462500001 0.02734615375 0.5074206725 0.0082019225 0.5044951925 0.00051923125 0.497209135 0 0.49628124999999995 0.00634375 0.493125 0.0128485575 0.492259615 0.02520673125 0.4895793275 0.03631009625 0.484447115 0.046112981250000004
0 0.33696394249999995 0.43379326874999996 0.3426514425 0.4341923075 0.35505528875000003 0.438447115 0.3645360575 0.4481418275 0.3703076925 0.45644951874999995 0.37741586499999996 0.4546875 0.38665625 0.4496875 0.3951081725 0.4468918275 0.403084135 0.44180528875 0.4103485575 0.4377956725 0.40955288500000003 0.4219326925 0.40449759625 0.4215793275 0.394072115 0.42536778875000003 0.38261778874999997 0.42569471125 0.37677403875000004 0.42754567250000003 0.36547596125 0.425625 0.34975721125 0.423396635 0.33851923125 0.422125 0.33621153875 0.405197115 0.32954326875 0.4021201925 0.32954326875 0.4244326925 0.32321634625 0.43057451874999997 0.3170576925 0.43691826874999995 0.30552884625 0.44740384624999996 0.2981105775 0.4626923075 0.2940889425 0.48386298125000005 0.29275240375 0.5029639425 0.29962259625000004 0.49554086499999994 0.30522596125 0.4789951925 0.30877403875 0.46456490375000004 0.31193028875 0.45575480749999997 0.31864423124999997 0.45057692250000003 0.32551201874999997 0.44315384625 0.32993269249999996 0.43443028875 0.33696394249999995 0.43379326874999996
0 0.521634615 0.39903846125000003 0.521634615 0.40625 0.53125 0.41346153874999997 0.53125 0.4326923075 0.52884615375 0.43509615375000005 0.52884615375 0.44471153874999997 0.53125 0.44711538500000003 0.53125 0.45913461499999997 0.5264423075 0.46634615375000005 0.5264423075 0.4855769225 0.52403846125 0.48798076875 0.52403846125 0.49759615375000005 0.52884615375 0.5 0.53365384625 0.4951923075 0.53365384625 0.49038461499999997 0.5360576925 0.48798076875 0.5360576925 0.47115384624999995 0.540865385 0.46153846125000003 0.540865385 0.44471153874999997 0.53846153875 0.4423076925 0.53846153875 0.4375 0.540865385 0.43509615375000005 0.540865385 0.4110576925 0.55528846125 0.38701923125 0.5576923075 0.375 0.56009615375 0.37259615375000005 0.56009615375 0.36538461499999997 0.5625 0.36298076875 0.56490384625 0.34375 0.57451923125 0.33413461499999997 0.57451923125 0.3269230775 0.5673076925 0.3269230775 0.5576923075 0.33653846125000003 0.5456730774999999 0.38461538500000003 0.53365384625 0.4014423075 0.53125 0.39903846125000003 0.52884615375 0.39903846125000003 0.52403846125 0.39663461499999997 0.521634615 0.39903846125000003
0 0.4139639425 0.12259615374999999 0.41156009625 0.125 0.41156009625 0.13701923125 0.40915625 0.1394230775 0.40915625 0.15384615375 0.40675240375 0.15625 0.4043485575 0.17307692249999998 0.40194471125 0.17548076875 0.40194471125 0.18269230749999998 0.39713701874999996 0.1875 0.39713701874999996 0.20192307750000002 0.399540865 0.20432692249999998 0.4043485575 0.20432692249999998 0.40675240375 0.20192307750000002 0.40915625 0.197115385 0.40915625 0.18990384625 0.41156009625 0.1875 0.41156009625 0.177884615 0.41636778874999997 0.165865385 0.41636778874999997 0.15865384625 0.41877163500000003 0.15625 0.41877163500000003 0.1394230775 0.42117548125 0.13701923125 0.42117548125 0.12740384625 0.42357932750000005 0.125 0.42357932750000005 0.11057692250000001 0.43800240375 0.07451923125 0.4355985575 0.06971153875 0.42838701874999996 0.06971153875 0.42838701874999996 0.07211538499999999 0.4139639425 0.10817307749999999 0.4139639425 0.12259615374999999
0 0.56971153875 0.26201923125 0.56490384625 0.26923076875 0.56490384625 0.2764423075 0.5576923075 0.29326923125 0.5576923075 0.2980769225 0.552884615 0.302884615 0.552884615 0.31009615375 0.5576923075 0.3125 0.56490384625 0.3076923075 0.572115385 0.28125 0.57451923125 0.27884615375 0.57451923125 0.271634615 0.5769230774999999 0.26923076875 0.58173076875 0.271634615 0.58653846125 0.26923076875 0.59134615375 0.26201923125 0.59134615375 0.25721153874999997 0.59615384625 0.25 0.5985576925 0.23798076875 0.60096153875 0.23557692249999998 0.5985576925 0.23076923125 0.59134615375 0.23076923125 0.59134615375 0.23317307750000002 0.58173076875 0.25721153874999997 0.56971153875 0.26201923125
0 0.49038461499999997 0.3894230775 0.47836538500000003 0.3918269225 0.47596153874999997 0.39663461499999997 0.4831730775 0.4014423075 0.4855769225 0.39903846125000003 0.5 0.39663461499999997 0.50721153875 0.3918269225 0.51201923125 0.38461538500000003 0.51923076875 0.3894230775 0.521634615 0.39423076875 0.52403846125 0.39423076875 0.52884615375 0.3894230775 0.52884615375 0.38461538500000003 0.5144230774999999 0.375 0.51201923125 0.375 0.5048076925 0.37740384624999995 0.49038461499999997 0.3894230775
0 0.6105769225000001 0.18028846125 0.6081730774999999 0.18509615375 0.6081730774999999 0.19471153875 0.615384615 0.20673076875 0.615384615 0.21394230749999998 0.61778846125 0.21634615375 0.61778846125 0.23317307750000002 0.61298076875 0.240384615 0.61298076875 0.24759615375 0.61778846125 0.25 0.62259615375 0.24759615375 0.62740384625 0.23798076875 0.63701923125 0.23557692249999998 0.6514423075000001 0.22115384625 0.6610576924999999 0.21875 0.6682692312499999 0.209134615 0.6682692312499999 0.20432692249999998 0.665865385 0.20192307750000002 0.6610576924999999 0.20192307750000002 0.6514423075000001 0.21153846125 0.6418269225000001 0.21394230749999998 0.63221153875 0.22596153875 0.6298076925 0.22596153875 0.62740384625 0.22355769250000002 0.625 0.20432692249999998 0.61778846125 0.19230769250000002 0.61778846125 0.18990384625 0.625 0.18269230749999998 0.6442307687500001 0.18509615375 0.66346153875 0.19471153875 0.68509615375 0.19471153875 0.69471153875 0.18990384625 0.69471153875 0.18269230749999998 0.665865385 0.18509615375 0.63701923125 0.17307692249999998 0.634615385 0.17307692249999998 0.62259615375 0.17307692249999998 0.6105769225000001 0.18028846125
0 0.59375 0.0985576925 0.59375 0.11057692250000001 0.6081730774999999 0.13221153875 0.6081730774999999 0.1394230775 0.6105769225000001 0.1418269225 0.615384615 0.1418269225 0.61778846125 0.1394230775 0.6201923075 0.12259615374999999 0.615384615 0.11057692250000001 0.60939423125 0.1093293275 0.60273798125 0.10410096125000001 0.60576923125 0.09615384625000001 0.6081730774999999 0.09375 0.6081730774999999 0.08653846124999999 0.60576923125 0.08413461500000001 0.5985576925 0.08413461500000001 0.5985576925 0.08653846124999999 0.5985576925 0.09134615374999999 0.59375 0.0985576925
0 0.802884615 0.603365385 0.81971153875 0.63221153875 0.8293269225000001 0.6394230774999999 0.84134615375 0.6418269225000001 0.84375 0.6442307687500001 0.85096153875 0.6442307687500001 0.853365385 0.6394230774999999 0.85096153875 0.63701923125 0.8317307687500001 0.63221153875 0.8245192312499999 0.625 0.8125 0.60576923125 0.81009615375 0.59134615375 0.8076923075000001 0.5889423075 0.80528846125 0.5889423075 0.8004807687500001 0.59134615375 0.802884615 0.603365385
0 0.7620192312499999 0.6826923075000001 0.77884615375 0.7019230774999999 0.77884615375 0.709134615 0.78125 0.71153846125 0.78125 0.72596153875 0.7932692312499999 0.7355769225000001 0.81490384625 0.740384615 0.8293269225000001 0.74759615375 0.84375 0.74759615375 0.853365385 0.740384615 0.86778846125 0.740384615 0.86778846125 0.7355769225000001 0.8557692312499999 0.7307692312499999 0.853365385 0.7331730774999999 0.8485576924999999 0.7331730774999999 0.84134615375 0.740384615 0.8317307687500001 0.740384615 0.8173076924999999 0.7331730774999999 0.802884615 0.7307692312499999 0.7932692312499999 0.72596153875 0.78846153875 0.72115384625 0.78846153875 0.709134615 0.7860576924999999 0.7067307687500001 0.7860576924999999 0.6995192312499999 0.78365384625 0.69471153875 0.771634615 0.6826923075000001 0.7668269225000001 0.6730769225000001 0.7620192312499999 0.6730769225000001 0.7620192312499999 0.6754807687500001 0.759615385 0.677884615 0.7620192312499999 0.6826923075000001
0 0.5 0.865384615 0.5 0.875 0.49759615375000005 0.87740384625 0.5 0.8942307687500001 0.49278846125000003 0.90865384625 0.48798076875 0.94471153875 0.49759615375000005 0.959134615 0.50240384625 0.9567307687500001 0.4951923075 0.9423076924999999 0.4951923075 0.9375 0.49759615375000005 0.93509615375 0.5 0.9110576924999999 0.50721153875 0.8942307687500001 0.5048076925 0.87740384625 0.51201923125 0.8581730774999999 0.51201923125 0.84615384625 0.5144230774999999 0.84375 0.51201923125 0.8389423075000001 0.50721153875 0.8389423075000001 0.50721153875 0.84134615375 0.5048076925 0.8581730774999999 0.5 0.865384615