0 0.18725468750000002 0.0831453125 0.185840625 0.0598265625 0.18743125 0.044045312499999996 0.1860171875 0.0362734375 0.1876078125 0.0282640625 0.19908906250000002 0.009421875 0.2003265625 0 0.19396718750000003 0.0014125 0.1930828125 0.0098921875 0.18372031249999998 0.0179015625 0.18142499999999998 0.031090624999999997 0.1807171875 0.06076875 0.1801875 0.08196718750000001 0.180540625 0.091153125 0.1849578125 0.091625 0.18725468750000002 0.0831453125
0 0.6706171875 0.331015625 0.6720234374999999 0.323884375 0.6682234375 0.31919375 0.6678015625 0.2659015625 0.6623125000000001 0.25877031250000004 0.6566828125 0.24863749999999998 0.6551359375 0.2388796875 0.65330625 0.2347515625 0.6486609375000001 0.23306249999999998 0.6482390625 0.2469484375 0.6590765625 0.26627656250000004 0.6614687499999999 0.267778125 0.6610468749999999 0.30155468750000003 0.6632984375 0.3130015625 0.6630171875 0.3268875 0.6628765624999999 0.33383125 0.6706171875 0.331015625
0 0.386984375 0.5740359375 0.38660625000000004 0.5622234375 0.391884375 0.550159375 0.3937703125 0.5277906250000001 0.39433437499999996 0.5086890625 0.3975390625 0.497128125 0.397728125 0.473503125 0.3920734375 0.4719953125 0.391884375 0.47174374999999996 0.39320468750000004 0.4948671875 0.39 0.5014015625 0.38830312499999997 0.5270375 0.3873609375 0.543625 0.38660625000000004 0.5511640624999999 0.38189375 0.56146875 0.3809515625 0.5735328125 0.386984375 0.5740359375
0 0.5141781249999999 0.477946875 0.509490625 0.47814218750000004 0.509490625 0.5043140625 0.5111015625 0.5228703124999999 0.5147640625 0.54376875 0.5171078124999999 0.542596875 0.5160828125 0.52501875 0.5143249999999999 0.5211125 0.5137390625 0.499040625 0.5141781249999999 0.477946875
0 0.613603125 0.530646875 0.6048921875 0.5258078125 0.595453125 0.52735625 0.5883390625 0.523484375 0.5851453125 0.5130296875 0.5848546875 0.5014140625 0.582821875 0.49231562500000003 0.580353125 0.483796875 0.5777390625000001 0.477021875 0.5789015625 0.49328281250000006 0.581225 0.4987046875 0.5810796874999999 0.515546875 0.5873234374999999 0.5281312499999999 0.5964703124999999 0.532390625 0.6050375 0.530646875 0.6118609374999999 0.5339390625 0.613603125 0.530646875
0 0.6369796875 0.5562015625 0.6394484375 0.5405203125 0.6394484375 0.5275500000000001 0.6359640625 0.5139984375000001 0.63581875 0.531809375 0.6346578125 0.5496203125 0.6324796874999999 0.5600734374999999 0.629575 0.5774984375 0.6258 0.5836921875000001 0.63393125 0.5811765625 0.635528125 0.5651078125 0.6369796875 0.5562015625
0 0.467975 0.1096 0.465546875 0.1097921875 0.46396875000000004 0.1099953125 0.46115 0.12305156249999999 0.46100156249999996 0.154903125 0.4635234375 0.171521875 0.465896875 0.171125 0.4650078125 0.1578703125 0.4641171875 0.1279984375 0.46856875000000003 0.116721875 0.467975 0.1096
0 0.930009375 0.436615625 0.92903125 0.423996875 0.923809375 0.4033296875 0.9241359375 0.39658593750000004 0.9273984375000001 0.39201875 0.925278125 0.384621875 0.924625 0.39201875 0.9195671874999999 0.4000671875 0.9220140625000001 0.412684375 0.925278125 0.4318296875 0.9256046875 0.4520609375 0.925278125 0.46837656250000004 0.9296828125000001 0.46837656250000004 0.930009375 0.436615625
0 0.41915625 0.611146875 0.4257875 0.651196875 0.4277375 0.6769421875 0.42695781250000003 0.7006078125 0.42949375 0.70476875 0.43222343750000003 0.6922859375 0.4306640625 0.661078125 0.425396875 0.629871875 0.41915625 0.611146875
0 0.03658125 0.39363125 0.04121875 0.39019687500000005 0.04448125 0.3714203125 0.04379374999999999 0.343025 0.039671875 0.33775781250000003 0.0372671875 0.35699375000000005 0.03658125 0.3773734375 0.034520312500000004 0.39088437499999995 0.0309140625 0.393403125 0.030226562499999998 0.42546093749999997 0.031085937499999997 0.4343921875 0.0374390625 0.4341625 0.03658125 0.39363125
0 0.1729609375 0.10539531249999999 0.1724640625 0.1232359375 0.170978125 0.14405156249999998 0.1746953125 0.1685 0.1796515625 0.15660625 0.175934375 0.14008593749999998 0.1781640625 0.12356718750000001 0.178659375 0.10473437499999999 0.1729609375 0.10539531249999999
0 0.0873140625 0.615840625 0.0813484375 0.6110203125 0.082253125 0.6507906250000001 0.08333750000000001 0.6666984375 0.08876093750000001 0.6797140625 0.09002656249999999 0.690078125 0.09581093750000001 0.6888734375 0.093821875 0.6707953125 0.08894062500000001 0.6652515625 0.0873140625 0.615840625
0 0.2171875 0.9 0.2234375 0.9140625 0.221875 0.9359375 0.2234375 0.9390625 0.228125 0.9375 0.2265625 0.9328125 0.2296875 0.9234375 0.225 0.9046875 0.221875 0.9 0.2203125 0.8828125 0.2125 0.8640625 0.2125 0.859375 0.2078125 0.859375 0.2078125 0.8609375 0.2171875 0.8890625 0.2171875 0.9
0 0.359375 0.96875 0.359375 0.9421875 0.3640625 0.8921875 0.359375 0.8921875 0.35625 0.9 0.353125 0.93125 0.3515625 0.975 0.353125 0.975 0.3578125 0.9734375 0.359375 0.96875
0 0.6359375 0.16875 0.6359375 0.128125 0.6328125 0.1265625 0.63125 0.128125 0.6328125 0.175 0.63125 0.1828125 0.634375 0.1859375 0.6359375 0.184375 0.6375 0.1703125 0.6359375 0.16875