0 0.9759640625 0.2341375 0.9734234374999999 0.2505765625 0.9787453125000001 0.23510468750000002 0.9772937500000001 0.2252734375 0.9754796874999999 0.20915625 0.9759640625 0.18997656249999997 0.9739078125 0.1795 0.9768109375 0.1691859375 0.9772937500000001 0.15081250000000002 0.98031875 0.1369515625 0.9753734375 0.132371875 0.9742703125 0.16209375 0.973665625 0.168540625 0.969553125 0.1751484375 0.9717296875 0.1843359375 0.97245625 0.20528749999999998 0.9741500000000001 0.2183421875 0.973665625 0.2328484375 0.9759640625 0.2341375
0 0.3919078125 0.0327265625 0.38825625 0.0052578124999999995 0.383753125 0.0066734375000000005 0.388609375 0.0487375 0.388609375 0.0744796875 0.38425156250000003 0.09394375 0.3703515625 0.10948281250000001 0.376359375 0.11262343749999999 0.3908484375 0.09253125000000001 0.3935578125 0.06945625 0.3919078125 0.0327265625
0 0.367878125 0.11764531249999999 0.3691734375 0.0832703125 0.36457968749999997 0.0487375 0.35586249999999997 0.022053124999999996 0.3502078125 0.0102796875 0.347615625 0.012006250000000001 0.3617515625 0.0531328125 0.3657578125 0.078090625 0.363871875 0.1115234375 0.362340625 0.12266875000000001 0.35774687499999996 0.1320859375 0.36823124999999995 0.1347546875 0.37023281249999995 0.124865625 0.367878125 0.11764531249999999
0 0.4366953125 0.0027 0.442740625 0.012989062499999999 0.45385937499999995 0.0186390625 0.460078125 0.0250421875 0.4595125 0.01688125 0.45206874999999996 0.0088453125 0.4442484375 0.0070875 0.4399140625 0.003571875 0.4366953125 0.0027
0 0.6169640625 0.40930625 0.6186234375 0.42377187499999996 0.6229671875 0.42377187499999996 0.6204125 0.3945 0.618240625 0.39075625 0.6177296875 0.37611875 0.6146640624999999 0.3696515625 0.6130046875 0.35961093750000006 0.6017640625 0.3570578125 0.5909078125 0.34208125 0.588865625 0.3259140625 0.589503125 0.3122984375 0.5920578125 0.3088953125 0.5924406249999999 0.3020875 0.5865453125 0.3044984375 0.5832453125 0.3189359375 0.5851609375 0.3410609375 0.59256875 0.3567171875 0.6090453124999999 0.36522656249999996 0.6122375 0.37833125 0.6140265625 0.3914359375 0.6160703125 0.39262812500000005 0.6169640625 0.40930625
0 0.6621671875 0.48623125 0.6689578125 0.4950875 0.6803703125 0.49566562500000005 0.6860062499999999 0.5016328125 0.7055109375 0.5031734375 0.7063765625 0.507409375 0.7099890625 0.505290625 0.71085625 0.4989375 0.68875 0.4968203125 0.6884625 0.493546875 0.6847046874999999 0.4927765625 0.68109375 0.48815624999999996 0.674446875 0.4889265625 0.6663562500000001 0.47949375000000005 0.6503203125 0.47699062499999995 0.64641875 0.4739109375 0.6416515625 0.46871250000000003 0.630959375 0.4679421875 0.6243140625 0.4635140625 0.5864609375 0.4635140625 0.5860265625000001 0.45100156249999995 0.5754796875 0.45273281249999997 0.54975 0.4623140625 0.5798140625 0.46467031249999996 0.5857375 0.4698671875 0.6238796875 0.4704453125 0.629803125 0.47602812499999997 0.63775 0.4758359375 0.6475749999999999 0.483921875 0.6621671875 0.48623125
0 0.3539859375 0.5965671875 0.3572265625 0.5843375000000001 0.36586406250000003 0.580740625 0.3678890625 0.5715671875 0.37099375 0.570128125 0.37166875 0.5663515625 0.38287187500000003 0.5562796875 0.37774218750000005 0.5516031250000001 0.37396250000000003 0.5584375 0.36815937499999996 0.5643734375 0.36235468750000005 0.566171875 0.36141093750000003 0.5730062499999999 0.3546609375 0.5787625 0.351421875 0.588834375 0.33670937500000003 0.588834375 0.3349546875 0.5828984375 0.3392734375 0.5683296875 0.34588749999999996 0.5561 0.34575312500000005 0.535775 0.3390046875 0.5203078125 0.331175 0.51329375 0.32618125 0.5053796875 0.32537187500000003 0.4897328125 0.3191625 0.4802 0.3182171875 0.4746234375 0.31416875 0.4769625 0.32172656250000004 0.5050203125 0.335090625 0.5248046875 0.3396796875 0.5368546875 0.3411640625 0.5552 0.33360468750000005 0.571746875 0.3298265625 0.5881140625 0.33131093749999996 0.5958484374999999 0.3539859375 0.5965671875
0 0.000728125 0.45976093749999997 0.0072265625 0.4614546875 0.0094875 0.44940624999999995 0.008921875000000001 0.4367921875 0.0118890625 0.42907343750000004 0.018670312499999998 0.41721406250000004 0.0185296875 0.40930625 0.0138671875 0.40911875000000003 0.001978125 0.3910734375 0.00086875 0.3957515625 0.0083578125 0.4081765625 0.0117484375 0.4151421875 0.003553125 0.43528750000000005 0.00553125 0.4529828125 0.00086875 0.45430156250000003 0.000728125 0.45976093749999997
0 0.5519703125000001 0.6125390625 0.581846875 0.6967796875000001 0.5950703125 0.7091859375 0.567153125 0.639965625 0.5519703125000001 0.6125390625
0 0.7265625 0.684375 0.7296875 0.690625 0.728125 0.71875 0.7328125 0.7171875 0.734375 0.709375 0.7328125 0.696875 0.734375 0.690625 0.73125 0.684375 0.73125 0.65625 0.734375 0.6453125 0.7328125 0.6421875 0.7296875 0.6421875 0.7296875 0.64375 0.7265625 0.65625 0.7265625 0.684375
0 0.0671875 0.84375 0.065625 0.834375 0.0625 0.8328125 0.0609375 0.834375 0.0609375 0.865625 0.071875 0.871875 0.078125 0.88125 0.0828125 0.9015625 0.0828125 0.928125 0.084375 0.9296875 0.08125 0.946875 0.0859375 0.9484375 0.0890625 0.9296875 0.0875 0.928125 0.0859375 0.89375 0.0796875 0.8734375 0.0703125 0.865625 0.06875 0.865625 0.065625 0.8625 0.0671875 0.84375