0 0.97040625 0.5875825 0.9682425000000001 0.58362875 0.9669975 0.58351875 0.96429 0.5857925 0.9530825 0.58481125 0.9466387500000001 0.5867575 0.94576625 0.59671875 0.96590875 0.59597125 0.97040625 0.5875825
0 0.9647875 0.5657587500000001 0.9605687500000001 0.5566062500000001 0.9606775000000001 0.55536125 0.9556975 0.554925 0.95537 0.55866125 0.96197 0.5692775 0.9647875 0.5657587500000001
0 0.91988125 0.6057475 0.9177175 0.60179375 0.9164725 0.601685 0.89860375 0.60514125 0.8944312499999999 0.609795 0.8951325 0.61613 0.9153825000000001 0.6141375 0.91988125 0.6057475
0 0.74608875 0.2831225 0.74278875 0.27781500000000003 0.7416525 0.27646125 0.738835 0.27997875 0.7411074999999999 0.2826875 0.7416987500000001 0.2902675 0.74668 0.29070375 0.74608875 0.2831225
0 0.56884125 0.04301125 0.5654325 0.03894875 0.56429625 0.03759375 0.56169625 0.038621249999999996 0.5635337499999999 0.04631125 0.5669425 0.05037375 0.56954125 0.049346249999999994 0.56884125 0.04301125
0 0.57592375 0.0624525 0.57841375 0.06267 0.5796600000000001 0.06277875 0.5799862499999999 0.05904375 0.5732775 0.0496725 0.56954125 0.049346249999999994 0.569215 0.05308125 0.57592375 0.0624525
0 0.5811225 0.0603975 0.58636875 0.07214999999999999 0.587505 0.07350374999999999 0.5903225 0.06998625 0.58734875 0.0609425 0.5811225 0.0603975
0 0.61343625 0.07828249999999999 0.61706375 0.07985375 0.61830875 0.07996249999999999 0.6156625 0.06718375 0.61306375 0.06821125 0.61251875 0.07443749999999999 0.61343625 0.07828249999999999
0 0.63281625 0.08625125 0.6318975 0.08240625 0.63200625 0.08116125 0.6282712500000001 0.080835 0.6250175 0.08933375 0.6259362500000001 0.0931775 0.62978125 0.09226000000000001 0.63281625 0.08625125
0 0.6428262499999999 0.20131125 0.6431525 0.19757625 0.64326125 0.19633 0.63817125 0.19713999999999998 0.6286925 0.20509375 0.6282562500000001 0.210075 0.6319925 0.2104025 0.6428262499999999 0.20131125
0 0.63099625 0.2504675 0.62114375 0.24835125000000002 0.6198987499999999 0.24824125 0.61832625 0.25186875000000003 0.62319875 0.25355 0.62514375 0.25999375 0.62888 0.26032 0.63099625 0.2504675
0 0.640865 0.22372625 0.63870125 0.2197725 0.63745625 0.21966375 0.6330662499999999 0.2268075 0.63263125 0.23178875000000002 0.6242875 0.2410975 0.6252062500000001 0.24494125 0.62769625 0.24516 0.63739375 0.23471499999999998 0.6380475 0.22724375 0.640865 0.22372625
0 0.64299125 0.21663374999999999 0.63696375 0.20807625000000002 0.63428375 0.208595 0.6340812499999999 0.21234124999999998 0.64109875 0.22249125 0.6445099999999999 0.2207825 0.64299125 0.21663374999999999
0 0.5984174999999999 0.2212675 0.59149125 0.21438749999999998 0.59024625 0.21427875 0.5887825 0.21666 0.594355 0.22467625000000002 0.59809125 0.22500250000000002 0.5984174999999999 0.2212675
0 0.6618949999999999 0.28454 0.6603375 0.25930875 0.66044625 0.25806375 0.65535625 0.2588725 0.65815875 0.28421375 0.6618949999999999 0.28454
0 0.59689375 0.3390825 0.5992425 0.33088124999999996 0.5989187499999999 0.32884500000000005 0.5954312500000001 0.32854 0.5925025 0.32903625 0.59099375 0.3348025 0.59055875 0.33978250000000004 0.594185 0.341355 0.59689375 0.3390825
0 0.48913375000000003 0.36604375 0.4867525 0.36457999999999996 0.4855075 0.36447125 0.48100875000000004 0.37286125 0.4816 0.38044125 0.48555375 0.37827750000000004 0.4888075 0.36977875 0.48913375000000003 0.36604375
0 0.48843875 0.38116500000000003 0.48804375 0.37849625000000003 0.48679875 0.37838625 0.48401874999999994 0.38291125000000004 0.48321875 0.39062125000000003 0.48571 0.39083875 0.4883125 0.38404000000000005 0.48843875 0.38116500000000003
0 0.47146125 0.40741 0.47802 0.39267625 0.47562750000000004 0.3913375 0.46773000000000003 0.40846375 0.47453125 0.41821875 0.47758 0.4163525 0.47146125 0.40741
0 0.44919375 0.43532625 0.45661749999999995 0.4221725 0.45423625 0.42071 0.445945 0.43516750000000004 0.454875 0.44209625 0.450595 0.44799625 0.44983125 0.4567125 0.45335000000000003 0.45953000000000005 0.45660249999999997 0.45103125 0.45693 0.447295 0.4545475 0.4458325 0.457365 0.44231499999999996 0.44919375 0.43532625
0 0.62303 0.47061125 0.6291 0.45859375 0.6279637499999999 0.45724 0.62108375 0.46416625000000006 0.62053875 0.47039250000000005 0.62303 0.47061125
0 0.5261487499999999 0.40190624999999996 0.5227875000000001 0.41165 0.52392375 0.41300375 0.528095 0.40835 0.5310825 0.38853499999999996 0.52870125 0.38707125 0.52599375 0.389345 0.5261487499999999 0.40190624999999996
0 0.5565025 0.442205 0.557965 0.4398225 0.55807375 0.4385775 0.55423 0.43949625 0.551195 0.445505 0.5507587500000001 0.45048499999999997 0.55574 0.45092125000000005 0.558775 0.4449125 0.5565025 0.442205
0 0.6039775000000001 0.45890625 0.605985 0.4502975 0.60484875 0.44894375 0.5986225000000001 0.44839875 0.5977512500000001 0.45836125000000005 0.6008275 0.46059875 0.6039775000000001 0.45890625
0 0.51270125 0.4408825 0.512545 0.42832000000000003 0.51140875 0.42696625 0.509205 0.43174625 0.50772 0.44044625000000004 0.50951875 0.44265375 0.51270125 0.4408825
0 0.51747875 0.41495 0.51981375 0.40260625 0.5199225 0.40136125 0.5161875 0.40103375 0.51472375 0.40341625000000003 0.51374375 0.41462249999999995 0.516935 0.42117625 0.515035 0.42853875 0.5199075 0.43022 0.5208875 0.41901249999999995 0.51747875 0.41495
0 0.5888012499999999 0.48894750000000003 0.58989125 0.47649500000000006 0.58875375 0.47514125 0.5850650000000001 0.48862125 0.5888012499999999 0.48894750000000003
0 0.54098375 0.5048400000000001 0.544455 0.49385125 0.54456375 0.49260624999999997 0.5395825 0.49217 0.53849375 0.5046225 0.54098375 0.5048400000000001
0 0.50562 0.5218225000000001 0.5091987499999999 0.50958875 0.50930875 0.5083424999999999 0.5068175 0.508125 0.50367375 0.51537875 0.50291125 0.524095 0.50518375 0.52680375 0.50193 0.5353025 0.50702 0.53449375 0.50891875 0.52713 0.50562 0.5218225000000001
0 0.46424624999999997 0.53577 0.4671725 0.5310075 0.46728125 0.5297612500000001 0.46094625 0.5304625000000001 0.45135875 0.53966125 0.44670375 0.53549 0.44973875 0.52948125 0.4430775 0.5339175 0.44751375000000004 0.54058 0.45374000000000003 0.541125 0.46424624999999997 0.53577
0 0.44373125 0.52644625 0.44113125 0.52747375 0.43988625 0.527365 0.435715 0.53201875 0.43663375000000004 0.53586375 0.44475875000000004 0.52904625 0.44373125 0.52644625
0 0.43825749999999997 0.504385 0.43939374999999997 0.50574 0.44063875 0.50584875 0.44274749999999996 0.5032725 0.44323749999999995 0.49766875 0.445025 0.49443750000000003 0.4451475 0.4901825 0.4448725 0.4861425 0.44286375 0.48759749999999996 0.44221625000000003 0.49356375 0.44052 0.49718 0.44036125 0.50042875 0.43825749999999997 0.504385
0 0.43792499999999995 0.54977875 0.44594124999999996 0.54420625 0.447295 0.54307 0.44491375 0.5416075 0.43700625000000004 0.545935 0.43418999999999996 0.5494525 0.43792499999999995 0.54977875
0 0.63566 0.46393625 0.6390625 0.45946624999999996 0.63917125 0.45822 0.63668 0.4580025 0.63071875 0.46877375 0.6331 0.4702375 0.63566 0.46393625
0 0.9958100000000001 0.5697274999999999 0.9846025 0.5687475 0.97864125 0.57951875 0.9797775 0.5808725 0.99006625 0.57800875 0.9954824999999999 0.57346375 0.9958100000000001 0.5697274999999999
0 0.8758 0.6219675 0.8735275 0.61925875 0.8722825000000001 0.61915 0.86221125 0.61952375 0.85804 0.6241774999999999 0.84277 0.62660625 0.8384900000000001 0.632505 0.8395162500000001 0.635105 0.8538687500000001 0.6288325 0.8640475000000001 0.6272125 0.86653875 0.62743125 0.86983875 0.63273875 0.8758 0.6219675
0 0.7800562499999999 0.6549987500000001 0.8003075 0.65300625 0.8015525 0.653115 0.8026425 0.6406624999999999 0.7937075 0.64239 0.781255 0.64130125 0.7765387499999999 0.65218125 0.7800562499999999 0.6549987500000001
0 0.8896225 0.69344375 0.88621375 0.68938125 0.8849687500000001 0.6892725 0.88226 0.691545 0.8787425 0.6887274999999999 0.8622275 0.6910474999999999 0.8589749999999999 0.6995462499999999 0.8598925 0.7033912499999999 0.86736375 0.70404375 0.87505375 0.7022075 0.87651625 0.69982625 0.8878324999999999 0.69956125 0.8896225 0.69344375
0 0.8270337499999999 0.6917325 0.8392212499999999 0.6815062500000001 0.83933 0.68026 0.81658875 0.6820350000000001 0.81637125 0.68452625 0.8188625 0.68474375 0.82329875 0.69140625 0.8270337499999999 0.6917325
0 0.84782875 0.68351375 0.84431125 0.68069625 0.84306625 0.6805875 0.8361862499999999 0.6875137499999999 0.8343962500000001 0.6936312499999999 0.84717625 0.690985 0.84782875 0.68351375
0 0.9292525 0.69942125 0.92053625 0.6986575 0.91929125 0.69854875 0.9052662499999999 0.70108625 0.90325875 0.70969375 0.9173924999999999 0.7059112500000001 0.91977375 0.707375 0.91695625 0.7108925 0.90937625 0.71148375 0.9089400000000001 0.716465 0.9177649999999999 0.7159825 0.9301712499999999 0.7032649999999999 0.9292525 0.69942125
0 0.9458150000000001 0.7109075 0.93786 0.70142875 0.9366150000000001 0.70132 0.9352612499999999 0.70245625 0.93753375 0.70516375 0.938125 0.7127450000000001 0.94435125 0.71329 0.9458150000000001 0.7109075
0 0.9831725 0.71417625 0.97943625 0.7138500000000001 0.97109375 0.7231574999999999 0.970875 0.72564875 0.9809462499999999 0.725275 0.9830625000000001 0.71542125 0.9831725 0.71417625
0 0.97819125 0.7137399999999999 0.9785174999999999 0.710005 0.97738125 0.70865 0.96573875 0.71265125 0.95907625 0.7170875 0.95885875 0.7195775000000001 0.96259375 0.719905 0.97456375 0.71216875 0.97819125 0.7137399999999999
0 0.947325 0.7223324999999999 0.9544225000000001 0.7129162499999999 0.95453125 0.71167 0.94695125 0.7122624999999999 0.947325 0.7223324999999999
0 0.77090375 0.6592162500000001 0.76354125 0.6573175 0.76229625 0.6572087500000001 0.726885 0.660385 0.7261225 0.66910125 0.7298574999999999 0.66942875 0.72894 0.66558375 0.7330025 0.662175 0.7379837499999999 0.6626099999999999 0.7402562500000001 0.66531875 0.7350575 0.66737375 0.7360837499999999 0.6699725 0.74501875 0.668245 0.7474 0.6697087500000001 0.73613125 0.68378 0.7441475 0.6782075000000001 0.7515725000000001 0.66505375 0.76153375 0.665925 0.77090375 0.6592162500000001
0 0.4725275 0.54151375 0.47399 0.5391325 0.47409999999999997 0.53788625 0.46651875 0.53847875 0.46868250000000006 0.5424325 0.46792 0.55114875 0.45833125 0.5603475 0.458005 0.56408375 0.46672125000000003 0.56484625 0.46253500000000003 0.59835875 0.47439625 0.5918675 0.47618625000000003 0.58575125 0.4734775 0.58802375 0.47234125 0.58666875 0.47310375 0.5779525 0.47954749999999996 0.57600625 0.47895625000000003 0.56842625 0.47034875 0.56641875 0.468185 0.562465 0.474255 0.5504487499999999 0.47490875000000005 0.5429762499999999 0.4725275 0.54151375
0 0.4767775 0.59333125 0.4674075 0.60004 0.46616124999999997 0.59993125 0.46198999999999996 0.604585 0.46594375 0.60242125 0.47455125000000004 0.60443 0.47726 0.6021562500000001 0.4767775 0.59333125
0 0.5011162499999999 0.6120237500000001 0.50351875 0.6032 0.5036275 0.60195375 0.50118625 0.60261875 0.499565 0.6053625 0.49846375000000004 0.6107875 0.5011162499999999 0.6120237500000001
0 0.51783125 0.62892 0.52484375 0.6176125 0.52531125 0.61514375 0.52322625 0.614585 0.519645 0.6196674999999999 0.5152450000000001 0.62693625 0.51783125 0.62892
0 0.5217975 0.6137075 0.52320375 0.6076825 0.5226625 0.60525125 0.5187325 0.6042799999999999 0.51088125 0.60509875 0.508315 0.6057524999999999 0.5053562500000001 0.61088875 0.51001 0.61506 0.5210224999999999 0.61539625 0.52141375 0.61379875 0.51645375 0.6131150000000001 0.516185 0.61045625 0.52017 0.610805 0.52031375 0.6134525 0.5217975 0.6137075
0 0.53041625 0.62562875 0.53356 0.618375 0.53367 0.61713 0.53117875 0.6169125 0.5294975000000001 0.6217837500000001 0.52910875 0.6405725 0.53409 0.6410075000000001 0.53225375 0.6333187499999999 0.53404375 0.62720125 0.53041625 0.62562875
0 0.56171875 0.612055 0.56724375 0.606265 0.5661075 0.60491125 0.5592275 0.6118375 0.5572675 0.6342525 0.55445 0.6377700000000001 0.54936 0.63857875 0.5490325 0.642315 0.551415 0.6437787500000001 0.5528775 0.64139625 0.56294875 0.6410224999999999 0.565875 0.6362599999999999 0.5658274999999999 0.62245375 0.5702174999999999 0.6153087500000001 0.5651275 0.6161175 0.56171875 0.612055
0 0.544535 0.650705 0.54416125 0.6406337499999999 0.54427 0.6393887500000001 0.53918 0.64019875 0.53500875 0.6448524999999999 0.53999 0.64528875 0.544535 0.650705
0 0.59445375 0.6538174999999999 0.5955425000000001 0.641365 0.59440625 0.64001125 0.59137125 0.6460187500000001 0.5919625 0.6536 0.59445375 0.6538174999999999
0 0.60679625 0.6561525 0.5982974999999999 0.65289875 0.5970525 0.65279 0.59309875 0.65495375 0.592445 0.662425 0.60603375 0.66486875 0.6050537500000001 0.6760762499999999 0.61637 0.67581125 0.6197787499999999 0.67987375 0.6175525 0.6909725 0.6201525 0.689945 0.6271875 0.6955800000000001 0.6279975 0.70066875 0.62528875 0.7029425 0.6196075 0.69617125 0.6122925 0.70807875 0.608665 0.70650625 0.593505 0.70769 0.5862975 0.7183525000000001 0.5838537500000001 0.73194125 0.57957375 0.73784 0.5632762499999999 0.73766875 0.5478974999999999 0.7413424999999999 0.54551625 0.73988 0.54269875 0.7433974999999999 0.5301375 0.7435537499999999 0.52644875 0.75703375 0.49239125 0.7590725 0.48957375 0.76259 0.47544 0.7663737500000001 0.4764675 0.7689725 0.47332375 0.77622625 0.46438875 0.7779537500000001 0.4620075 0.77649125 0.44787374999999996 0.7802737500000001 0.4417575 0.77848375 0.42015250000000004 0.7816124999999999 0.4114825 0.7946562500000001 0.416245 0.7975825000000001 0.42133499999999996 0.79677375 0.42942625 0.78317625 0.42889375 0.7964312499999999 0.43265125 0.79650875 0.43310250000000006 0.782745 0.435095 0.7829200000000001 0.43407125 0.794625 0.43621000000000004 0.79456125 0.43789374999999997 0.7839175 0.44143 0.78221875 0.48702125 0.777425 0.4878925 0.7674625 0.494555 0.76302625 0.509825 0.7605974999999999 0.5273675 0.7608775 0.53132125 0.75871375 0.5361925 0.760395 0.54139125 0.75834 0.5448625 0.7473512499999999 0.548925 0.7439425 0.5667949999999999 0.74048625 0.5869362499999999 0.7397387500000001 0.59598 0.7367662500000001 0.5983612500000001 0.73822875 0.601505 0.7309762499999999 0.599015 0.7307575 0.59457875 0.7240962500000001 0.5952324999999999 0.71662375 0.6013499999999999 0.71841375 0.60443125 0.7262125 0.61109375 0.72177625 0.613475 0.72324 0.62127375 0.7201575 0.62999 0.72092 0.638115 0.7141025000000001 0.6377412499999999 0.70403125 0.64554 0.70094875 0.6478125 0.7036575 0.65052125 0.7013849999999999 0.65410125 0.68915 0.67413375 0.68964875 0.6593000000000001 0.6870962500000001 0.65453625 0.6841700000000001 0.6553812499999999 0.68311375 0.6766800000000001 0.6863575000000001 0.67735625 0.688675 0.6868037499999999 0.6882474999999999 0.69482 0.682675 0.7113987500000001 0.68249375 0.71245875 0.68472 0.7121975 0.6877087500000001 0.7143362500000001 0.687645 0.7148462499999999 0.6846774999999999 0.71452875 0.68113625 0.71279875 0.67797375 0.70939 0.6739112500000001 0.6839400000000001 0.6779587499999999 0.6665062500000001 0.6764337500000001 0.6260049999999999 0.6804187500000001 0.62460375 0.6677487499999999 0.61531875 0.66630875 0.6099225 0.67349 0.61095 0.66605125 0.60844875 0.66595875 0.60918125 0.66188125 0.5968862500000001 0.6604300000000001 0.5974775 0.6579725000000001 0.6065787499999999 0.6586425 0.60679625 0.6561525