0 0.24954687499999997 0.25110781249999997 0.246446875 0.2407796875 0.24598281249999998 0.22466718749999998 0.2376109375 0.2114484375 0.23358125000000002 0.198228125 0.222265625 0.1763328125 0.219009375 0.1575359375 0.21231875 0.1495015625 0.21683906249999998 0.1612546875 0.2208703125 0.18108437500000002 0.230790625 0.201740625 0.23435625000000002 0.214546875 0.2407125 0.223634375 0.24133125 0.24160625 0.24536249999999998 0.25193437500000004 0.24954687499999997 0.25110781249999997
0 0.9246968750000001 0.21807656250000002 0.9298453125 0.23514375 0.932 0.2455109375 0.9393015625 0.247265625 0.934871875 0.2361 0.9306828125 0.2182359375 0.9272109374999999 0.20100937500000002 0.9217046875 0.1868140625 0.912128125 0.17995468750000002 0.9108125 0.1648015625 0.9098546875 0.154434375 0.9049468749999999 0.151403125 0.8972859375 0.146140625 0.8964484375 0.14996874999999998 0.9002781249999999 0.1569859375 0.8989609375000001 0.1671953125 0.9061437499999999 0.166715625 0.90530625 0.18155000000000002 0.91488125 0.18920625000000002 0.92254375 0.20308281250000002 0.9249375000000001 0.2105796875 0.9246968750000001 0.21807656250000002
0 0.5411046875000001 0.3447484375 0.5445703125 0.3259484375 0.5444046875 0.30451093749999997 0.542671875 0.30099375 0.542671875 0.28560312499999996 0.537721875 0.2857125 0.538053125 0.302765625 0.5406421875 0.30475625 0.5414390625 0.3216078125 0.5375546875 0.33792812499999997 0.5331734375 0.34416406250000003 0.5251078125 0.348675 0.5155484375 0.358759375 0.507184375 0.3752125 0.504196875 0.39458437500000004 0.50489375 0.407190625 0.5095890625 0.40840000000000004 0.5092578125 0.396196875 0.50950625 0.384984375 0.514703125 0.36970312499999997 0.522871875 0.35728125 0.530709375 0.35200312500000003 0.5411046875000001 0.3447484375
0 0.4687828125 0.4883875 0.472865625 0.4907453125 0.4727296875 0.5028921875000001 0.48157343750000003 0.5130453125 0.4830703125 0.5248296875 0.481165625 0.5360703125 0.4744984375 0.5351640625 0.4723203125 0.5431421875 0.4735453125 0.55220625 0.47490625000000003 0.56870625 0.47844375 0.5692499999999999 0.48021250000000004 0.55111875 0.48674375 0.54985 0.4859265625 0.5377031250000001 0.4883765625 0.5224734375 0.4872875 0.5117765625 0.47857968749999996 0.5010796875 0.479396875 0.48802500000000004 0.4762671875 0.476603125 0.48157343750000003 0.4653625 0.4813015625 0.4581109375 0.488240625 0.44904531249999996 0.4949078125 0.4474140625 0.4906890625 0.44288125 0.48973750000000005 0.4283765625 0.4856546875 0.4281953125 0.4856546875 0.4412484375 0.48467187500000003 0.445178125 0.47735468750000004 0.44578125 0.4818453125 0.44904531249999996 0.4743625 0.45502812499999995 0.4743625 0.46753749999999994 0.4694640625 0.476059375 0.46157187499999996 0.47624062500000003 0.4604828125 0.48458125 0.4687828125 0.4883875
0 0.048376562500000005 0.7682281249999999 0.042796875 0.7812406249999999 0.0370609375 0.8008640625 0.0338046875 0.8105718749999999 0.02031875 0.8161484375000001 0.010243750000000001 0.8504375000000001 0.0029578125 0.8568406249999999 0.0045078125000000005 0.860971875 0.0134984375 0.8533296875 0.0229546875 0.823378125 0.0358203125 0.8134640625 0.043415625 0.7983843749999999 0.044346875 0.7886765625 0.0517875 0.7822734375 0.0539578125 0.7680203125 0.048376562500000005 0.7682281249999999
0 0.629059375 0.6624625000000001 0.6119015625 0.6448171874999999 0.6018296875 0.63835625 0.582434375 0.61946875 0.5652765625 0.61425 0.547371875 0.612759375 0.5376734375000001 0.6122625 0.532265625 0.6125109375000001 0.546253125 0.620215625 0.5598671875 0.6189718750000001 0.5738546875 0.62170625 0.598659375 0.643078125 0.6163765625 0.6567468750000001 0.6262609375 0.669171875 0.633721875 0.6701656250000001 0.629059375 0.6624625000000001
0 0.6484375 0.1171875 0.653125 0.1078125 0.6578125 0.1046875 0.65625 0.1 0.6421875 0.1125 0.6375 0.134375 0.6109375 0.134375 0.603125 0.1390625 0.60625 0.1484375 0.6046875 0.228125 0.6078125 0.2578125 0.61078125 0.2521875 0.6103125 0.23953125 0.609375 0.228125 0.6109375 0.1484375 0.6078125 0.1421875 0.6109375 0.1390625 0.6359375 0.1390625 0.6375 0.1421875 0.6390625 0.1421875 0.64375 0.1375 0.6484375 0.1171875
0 0.34375 0.26875 0.353125 0.275 0.3671875 0.2765625 0.3765625 0.2765625 0.3796875 0.2734375 0.390625 0.278125 0.4046875 0.2796875 0.45625 0.2796875 0.4578125 0.28125 0.5359375 0.2828125 0.5421875 0.2859375 0.5890625 0.2859375 0.603125 0.284375 0.6046875 0.2796875 0.6015625 0.2765625 0.590625 0.2765625 0.5890625 0.2734375 0.5859375 0.2734375 0.584375 0.278125 0.5796875 0.28125 0.56875 0.2828125 0.5671875 0.28125 0.54375 0.28125 0.5375 0.278125 0.403125 0.275 0.3921875 0.2734375 0.3890625 0.2671875 0.3796875 0.26875 0.36875 0.265625 0.3671875 0.265625 0.3453125 0.2640625 0.34375 0.26875
0 0.7171875 0.296875 0.7265625 0.3015625 0.7375 0.3140625 0.7421875 0.3125 0.7421875 0.3078125 0.7390625 0.303125 0.73125 0.3 0.7109375 0.28125 0.7078125 0.28125 0.7078125 0.2828125 0.709375 0.2890625 0.7171875 0.296875
0 0.609375 0.4390625 0.6109375 0.44375 0.609375 0.459375 0.625 0.4609375 0.6234375 0.4546875 0.625 0.453125 0.625 0.4375 0.63125 0.434375 0.6375 0.434375 0.6390625 0.4296875 0.625 0.43125 0.621875 0.434375 0.603125 0.4328125 0.603125 0.434375 0.6046875 0.4375 0.609375 0.4390625
0 0.4046875 0.575 0.4328125 0.5796875 0.440625 0.5703125 0.4390625 0.5671875 0.4171875 0.56875 0.415625 0.5671875 0.4140625 0.5671875 0.40625 0.56875 0.4046875 0.575