0 0.2610225 0.19936625 0.25842375 0.18713999999999997 0.25816375 0.1859175 0.2532725 0.18695625 0.25290625 0.1972575 0.2440875 0.197855 0.24127624999999997 0.208675 0.24283625 0.21601125 0.24920874999999998 0.215935 0.249055 0.20318874999999997 0.2610225 0.19936625
0 0.23599 0.23791374999999998 0.2396575 0.23713375 0.24088125000000002 0.23687375 0.23880125 0.2270925 0.23531624999999998 0.22272124999999998 0.23313124999999998 0.22446375 0.23599 0.23791374999999998
0 0.22914375 0.259815 0.23010625 0.2583325 0.23132999999999998 0.2580725 0.2275075 0.24610625 0.22384 0.24688624999999997 0.22617875 0.25789 0.22914375 0.259815
0 0.06941 0.1877 0.066705 0.1869975 0.06548124999999999 0.18725750000000002 0.06459625 0.1951125 0.06860000000000001 0.20193000000000003 0.07226874999999999 0.20115 0.07297125 0.198445 0.06941 0.1877
0 0.08961625 0.21663125 0.086315 0.20711 0.08605499999999999 0.2058875 0.08116374999999999 0.20692625 0.08046125 0.20963125000000002 0.0837625 0.21915375 0.08872999999999999 0.2244875 0.09858874999999999 0.22878125000000002 0.10085125 0.2334125 0.10574125000000001 0.23237249999999998 0.1034025 0.22136875 0.09554625 0.2204825 0.08961625 0.21663125
0 0.14795624999999998 0.256625 0.14525125 0.2559225 0.14402875 0.2561825 0.14714750000000001 0.270855 0.150555 0.2688525 0.14795624999999998 0.256625
0 0.1331775 0.27126875 0.13736625 0.27293375000000003 0.13858874999999998 0.27267375 0.1339875 0.25703875 0.13135875 0.26271 0.1331775 0.27126875
0 0.16610125 0.3179425 0.1675075 0.3125325 0.16847 0.31105 0.14904375 0.28578749999999997 0.14696375 0.276005 0.14181375 0.27582249999999997 0.146155 0.29023499999999997 0.153905 0.302645 0.1615775 0.30868125 0.16121125 0.3189825 0.16695875000000002 0.32798375 0.16503250000000003 0.33094999999999997 0.16963375 0.346585 0.17337875 0.35217875 0.17345500000000003 0.35855125 0.17860625 0.358735 0.1781925 0.344765 0.17132874999999997 0.3245 0.16610125 0.3179425
0 0.15474875000000002 0.37275125000000003 0.14600749999999998 0.37972125 0.14478375 0.37998125 0.14512124999999998 0.38757624999999996 0.14912625000000002 0.39439250000000003 0.14308875000000001 0.40206625 0.14587125 0.4091425 0.139575 0.4155925 0.14243375 0.42904125 0.13962125 0.4398625 0.14318375 0.4506075 0.14815125 0.45594124999999996 0.15155875 0.45393875 0.145475 0.43734 0.14758374999999999 0.42922499999999997 0.1462075 0.4167375 0.15417 0.4061 0.15287 0.39998625 0.16013000000000002 0.39205375 0.15701125 0.3773825 0.162865 0.37485999999999997 0.1678325 0.38019374999999994 0.17001750000000002 0.37845125 0.16715875 0.36500124999999994 0.16000625 0.36141 0.15292999999999998 0.3641925 0.15474875000000002 0.37275125000000003
0 0.14227125 0.45834 0.13904624999999998 0.4551925 0.13782375 0.45545250000000004 0.13204625 0.4643475 0.13386625 0.47290625 0.13735125 0.4772775 0.14002625 0.49587749999999997 0.13669499999999998 0.5042537500000001 0.137995 0.51036625 0.14740999999999999 0.5185887499999999 0.14870875 0.5247025 0.15241875 0.52532 0.15552625 0.5206975 0.15300375 0.51484375 0.14184625 0.5044362499999999 0.1451775 0.49606125 0.1433575 0.4875025 0.14450375 0.48086875 0.1384975 0.47064374999999997 0.13842000000000002 0.46427124999999997 0.14227125 0.45834
0 0.16382124999999997 0.535675 0.16704625 0.53882375 0.16852875 0.53978625 0.17045375 0.53682125 0.16863499999999998 0.5282625 0.162705 0.52441125 0.16051875 0.52615375 0.16452375 0.5329699999999999 0.16382124999999997 0.535675
0 0.17924375 0.55412125 0.17183 0.5493075000000001 0.17034749999999999 0.548345 0.16868249999999999 0.5525325 0.17539249999999998 0.5600525 0.1676125 0.56553875 0.16594750000000003 0.5697274999999999 0.16776625 0.57828625 0.17744125 0.58773125 0.17874125 0.59384375 0.17611249999999998 0.599515 0.17889500000000003 0.60659125 0.18378499999999998 0.60555125 0.18196625 0.5969925 0.18389125 0.5940274999999999 0.18007 0.58206 0.17135750000000002 0.5711325 0.17546875 0.566425 0.182545 0.56364375 0.17924375 0.55412125
0 0.19668500000000003 0.6181450000000001 0.19260375 0.604955 0.19234375 0.6037325 0.18867625 0.6045112499999999 0.18701 0.6087 0.1903125 0.6182212499999999 0.18568125 0.62048375 0.18523875 0.62441125 0.18853999999999999 0.6339325 0.19343125 0.63289375 0.19283375 0.6240749999999999 0.19668500000000003 0.6181450000000001
0 0.19698000000000002 0.7037025 0.19490125 0.6939212499999999 0.19464125 0.69269875 0.19097375 0.69347875 0.1895675 0.69888875 0.19183 0.70352 0.19479500000000002 0.705445 0.19698000000000002 0.7037025
0 0.1908375 0.7229000000000001 0.18675625 0.7097100000000001 0.18649625 0.7084874999999999 0.181865 0.71074875 0.18613 0.71878875 0.18454125000000002 0.72935 0.18706250000000002 0.7352025000000001 0.19421624999999998 0.7387937499999999 0.19696875 0.7637675 0.20019375 0.76691625 0.20360125 0.7649137500000001 0.19926 0.7505012499999999 0.19910624999999998 0.7377549999999999 0.1953625 0.7321612500000001 0.18969124999999998 0.7295324999999999 0.1908375 0.7229000000000001
0 0.21527875000000002 0.77776625 0.21991 0.775505 0.2208725 0.77402125 0.21835000000000002 0.76816875 0.2119 0.76187125 0.20675000000000002 0.76168875 0.20612375 0.7707675 0.21031125 0.7724325000000001 0.21109124999999998 0.77610125 0.21527875000000002 0.77776625
0 0.22882249999999998 0.8234487500000001 0.22315249999999998 0.8208199999999999 0.22193000000000002 0.82108 0.22000374999999997 0.824045 0.22374875 0.82963875 0.2276475 0.8479800000000001 0.23846875 0.85079125 0.24962625 0.8611987499999999 0.25329375 0.86041875 0.2547 0.85500875 0.24773 0.84626625 0.23961500000000002 0.8441575 0.23342375 0.83908375 0.230825 0.8268575 0.22882249999999998 0.8234487500000001
0 0.26500125 0.855375 0.26081375 0.85370875 0.25959125 0.8539687499999999 0.25766500000000003 0.85693375 0.259225 0.8642700000000001 0.26271 0.86864125 0.26158125 0.87475875 0.260075 0.87789125 0.26072500000000004 0.8809475 0.26172 0.88623125 0.26564374999999996 0.8842475000000001 0.26697375 0.87668 0.27100874999999996 0.8655987500000001 0.26874625 0.86096875 0.26604125 0.860265 0.26500125 0.855375
0 0.27298125 0.886905 0.2666075 0.88698125 0.265385 0.88724125 0.2652025 0.8923925 0.2711325 0.89624375 0.27713875 0.9064675 0.27843875 0.9125812500000001 0.2729225 0.92269875 0.2723725 0.93815125 0.27445125000000004 0.9479325 0.28064125 0.9530062499999999 0.28446375 0.9649737500000001 0.28935375 0.96393375 0.29102 0.95974625 0.28946 0.95241 0.2812675 0.9439275 0.27996875 0.937815 0.2807775 0.9235850000000001 0.286815 0.9159125 0.284215 0.903685 0.27298125 0.886905
0 0.29453625 1 0.294445 0.9999112499999999 0.29314625 0.9937975 0.2969975 0.9878675 0.2956975 0.98175375 0.29099 0.97764375 0.2897675 0.9779025 0.29184625000000003 0.987685 0.28895875 0.9921325 0.28962875 1 0.29453625 1
0 0.31795625 0.5093025 0.32118125 0.51245125 0.32266374999999997 0.51341375 0.32799750000000005 0.50844625 0.33351375 0.4983275 0.33547 0.477465 0.330945 0.46820375 0.32652625 0.4474175 0.31974 0.433525 0.290455 0.40396875 0.28434125 0.4052675 0.28764375000000003 0.41479 0.29235125 0.4189 0.29339 0.42379125 0.30647375 0.43123375 0.30995875 0.43560499999999996 0.32082625 0.46268625 0.32383875 0.4888825 0.31795625 0.5093025
0 0.43217875 0.6498762499999999 0.42929 0.65432375 0.4280675 0.65458375 0.4177375 0.672115 0.41351999999999994 0.68834625 0.4136725 0.7010925 0.41041875 0.71584125 0.4114575 0.7207325 0.41564625 0.72239875 0.42001625 0.71891375 0.42540999999999995 0.67815125 0.43985124999999997 0.6559125 0.4388125 0.65102125 0.4358475 0.64909625 0.43217875 0.6498762499999999
0 0.4561125 0.6422325 0.45018250000000004 0.63838125 0.4499225 0.63715875 0.44573500000000005 0.63549375 0.44836374999999995 0.6298225 0.44513874999999997 0.626675 0.43561625 0.62997625 0.44136375 0.63897875 0.45174125 0.6457174999999999 0.45452375000000006 0.6527937500000001 0.4579325 0.65079125 0.4561125 0.6422325
0 0.23878375 0.184925 0.24611999999999998 0.183365 0.24248125 0.1662475 0.23514500000000002 0.1678075 0.23878375 0.184925