0 0.67625 0.1425 0.67125 0.1425 0.67125 0.14375 0.67125 0.15625 0.68375 0.1575 0.68625 0.17 0.6925 0.16875 0.6925 0.16125 0.6875 0.15125 0.67875 0.1525 0.67625 0.1425
0 0.70375 0.175 0.70125 0.17375 0.69875 0.17875 0.69875 0.18875 0.7 0.18875 0.70375 0.18875 0.70375 0.175
0 0.7175 0.20625 0.7175 0.195 0.71375 0.195 0.7125 0.2075 0.71375 0.2075 0.715 0.20875 0.7175 0.20625
0 0.85625 0.105 0.855 0.11625 0.85625 0.11875 0.86 0.11875 0.8625 0.11125 0.86 0.10375 0.85875 0.10375 0.85625 0.105
0 0.84875 0.13875 0.85 0.12875 0.84875 0.12625 0.84375 0.12625 0.84375 0.1275 0.8425 0.1375 0.8375 0.1425 0.83 0.145 0.83 0.15625 0.835 0.15625 0.83625 0.15125 0.845 0.145 0.84875 0.13875
0 0.7975 0.2025 0.7975 0.1875 0.79625 0.1875 0.79375 0.18875 0.79375 0.20125 0.7975 0.2025
0 0.8075 0.18625 0.80625 0.2025 0.8075 0.2025 0.81125 0.2 0.81125 0.19125 0.8075 0.18625
0 0.7925 0.265 0.79 0.2625 0.79375 0.2525 0.79125 0.2425 0.7975 0.235 0.8025 0.22125 0.80375 0.20625 0.79875 0.2075 0.79875 0.2175 0.785 0.24625 0.78625 0.2475 0.78875 0.2525 0.785 0.26 0.7825 0.28125 0.785 0.295 0.79 0.29375 0.78875 0.2875 0.79125 0.28125 0.7925 0.265
0 0.81 0.30875 0.81 0.32375 0.81875 0.33 0.81875 0.33625 0.82875 0.345 0.83 0.3575 0.83375 0.365 0.83125 0.3825 0.835 0.38375 0.83875 0.3775 0.84 0.36625 0.835 0.35625 0.835 0.3425 0.8275 0.3375 0.82875 0.33 0.82125 0.32375 0.82375 0.31625 0.8225 0.30875 0.82125 0.30875 0.81125 0.30375 0.81125 0.295 0.80375 0.29375 0.7975 0.29875 0.7975 0.3125 0.8 0.31375 0.80375 0.3075 0.81 0.30875
0 0.8425 0.44237499999999996 0.84125 0.448625 0.8452500000000001 0.4525 0.84875 0.451125 0.84875 0.44487499999999996 0.85625 0.43487499999999996 0.85625 0.428625 0.85125 0.42112499999999997 0.85 0.402375 0.8525 0.397375 0.8525 0.388625 0.845 0.381125 0.84375 0.381125 0.84125 0.38487499999999997 0.84625 0.38987499999999997 0.8475 0.39612499999999995 0.84375 0.407375 0.84625 0.41362499999999996 0.84625 0.42237499999999994 0.85125 0.42987499999999995 0.8425 0.44237499999999996
0 0.83375 0.46875 0.83625 0.465 0.835 0.4625 0.8375 0.455 0.835 0.45375 0.83 0.45875 0.83 0.4675 0.8325 0.47 0.83375 0.46875
0 0.83125 0.5375 0.83625 0.5375 0.8375 0.53 0.83375 0.525 0.83375 0.51875 0.84125 0.5075 0.84125 0.49875 0.83875 0.495 0.83 0.49125 0.835 0.4825 0.8325 0.47875 0.83125 0.48 0.825 0.48625 0.82375 0.49625 0.83125 0.4975 0.83625 0.50125 0.83 0.51375 0.82875 0.52625 0.83125 0.52875 0.83125 0.5375
0 0.82875 0.54125 0.82625 0.5375 0.8225 0.5375 0.8225 0.53875 0.82125 0.5525 0.82625 0.5575 0.8275 0.56625 0.8325 0.56625 0.83375 0.55625 0.8325 0.5525 0.8275 0.55125 0.82875 0.54125
0 0.83875 0.63625 0.84125 0.6375 0.84375 0.635 0.845 0.63 0.8425 0.625 0.83875 0.625 0.83875 0.62625 0.83875 0.63625
0 0.85125 0.695 0.84875 0.67 0.855 0.665 0.85625 0.65875 0.8525 0.64875 0.855 0.64 0.85 0.63875 0.85 0.64 0.84875 0.65375 0.85125 0.66 0.84625 0.66375 0.84375 0.67 0.84625 0.6825 0.845 0.6975 0.84875 0.69875 0.85125 0.695
0 0.83 0.71 0.83125 0.71125 0.83625 0.7125 0.84 0.71 0.84 0.70625 0.84375 0.70375 0.84125 0.695 0.83625 0.69625 0.83125 0.70375 0.83 0.71
0 0.82 0.80125 0.82875 0.78875 0.83875 0.78375 0.83875 0.765 0.84125 0.75875 0.83875 0.75625 0.8375 0.75625 0.8325 0.76 0.83125 0.76375 0.83125 0.77625 0.82625 0.7825 0.81875 0.78625 0.81375 0.79625 0.81625 0.80125 0.82 0.80125
0 0.81325 0.8228749999999999 0.81325 0.81975 0.811125 0.8170000000000001 0.80875 0.81125 0.81125 0.80625 0.81125 0.79875 0.80875 0.79625 0.8075 0.79625 0.80375 0.79875 0.80375 0.80375 0.80125 0.805 0.8 0.81 0.80625 0.82 0.809125 0.8271250000000001 0.8133750000000001 0.82825 0.81325 0.8228749999999999
0 0.8 0.90625 0.8025 0.91 0.8075 0.91 0.80875 0.8975 0.81375 0.89125 0.81375 0.88125 0.81 0.86625 0.8025 0.8575 0.8025 0.85125 0.80625 0.84 0.81125 0.835 0.81 0.83 0.80875 0.83 0.8025 0.83125 0.795 0.85 0.795 0.8625 0.8025 0.86875 0.80625 0.8825 0.80625 0.88875 0.8 0.89875 0.8 0.90625
0 0.80375 0.95625 0.81 0.9475 0.80875 0.9375 0.805 0.93375 0.805 0.92375 0.80375 0.92375 0.8 0.92875 0.8 0.935 0.805 0.94 0.805 0.94625 0.7975 0.9575 0.7975 0.96625 0.80125 0.9675 0.80375 0.95625
0 0.69 0.3725 0.69125 0.3625 0.685 0.3625 0.6625 0.3975 0.65875 0.4125 0.65875 0.43375 0.65625 0.44375 0.6625 0.46375 0.67 0.4725 0.67625 0.47625 0.6775 0.475 0.68 0.47125 0.67 0.4525 0.6675 0.42625 0.6725 0.3975 0.675 0.3925 0.68625 0.3825 0.68625 0.3775 0.69 0.3725
0 0.6325 0.6975 0.6325 0.6925 0.62625 0.67875 0.62375 0.66625 0.61625 0.65125 0.6025 0.63625 0.60125 0.63625 0.5975 0.6325 0.59375 0.6325 0.59125 0.635 0.59125 0.64 0.61 0.65875 0.62375 0.6975 0.62875 0.7 0.6325 0.6975
0 0.5775 0.61625 0.58125 0.62125 0.5775 0.62375 0.5775 0.625 0.5725 0.63 0.5725 0.63875 0.57625 0.64 0.5775 0.6325 0.58625 0.62375 0.59 0.61375 0.58 0.6125 0.5775 0.61625
0 0.6825 0.1375 0.69 0.1375 0.69 0.12 0.6825 0.12 0.6825 0.1375