0 0.2077725 0.3474075 0.20873875000000003 0.36527875000000004 0.21997375000000002 0.382245 0.223995 0.3968025 0.23620750000000001 0.40759625 0.2481625 0.41202125 0.25355374999999997 0.4179375 0.27030125 0.45602625 0.27647375 0.45700375 0.2762175 0.45063499999999995 0.2681 0.43795875 0.26115625000000003 0.417875 0.27806125000000004 0.39903875 0.29308375000000003 0.37610625 0.2987425 0.36434625 0.3001125 0.35570375 0.29783875 0.35407875 0.2964075 0.3551175 0.29172625 0.36070375 0.2887325 0.37162 0.27858625 0.38773125 0.25843 0.41111624999999996 0.2419275 0.40344 0.23056000000000001 0.39531125 0.22549875 0.3793225 0.21342125 0.35969124999999996 0.21271125000000002 0.34818875 0.2077725 0.3474075
0 0.1596775 0.4992525 0.17950375000000002 0.48594000000000004 0.185285 0.4893875 0.192045 0.48666125 0.19568750000000001 0.479645 0.20712875 0.4713325 0.22728500000000001 0.4479475 0.23424 0.44398625 0.24562 0.42807125 0.25296625 0.42164124999999997 0.25231875 0.41774124999999995 0.248615 0.417155 0.23639125 0.43040625 0.23470500000000002 0.42507625 0.2426375 0.4149425 0.24322375000000002 0.41123875 0.24199 0.4110425 0.23971625 0.4094175 0.23217375 0.4170825 0.21825250000000002 0.4490475 0.21194500000000002 0.4569075 0.20193375 0.46418125000000005 0.18645875 0.48198 0.1753475 0.48022 0.15838125 0.49145375 0.15636375 0.49619625 0.1596775 0.4992525
0 0.52251375 0.43775624999999996 0.5271224999999999 0.44860999999999995 0.53770875 0.46167749999999996 0.54484875 0.48052625 0.5467925 0.49222375 0.5534175 0.49833625 0.55107125 0.5131512500000001 0.5530149999999999 0.52484875 0.56028875 0.53486 0.57081375 0.54032375 0.57347875 0.53948125 0.574065 0.53577625 0.564775 0.53050875 0.55958 0.5233574999999999 0.55744 0.51289375 0.5599824999999999 0.496845 0.55147375 0.4866375 0.5514125 0.479035 0.54239125 0.45609125 0.5336875 0.44711875 0.52927375 0.43503000000000003 0.5224525 0.4301525 0.5212187500000001 0.4299575 0.5129675 0.42611875 0.5086762499999999 0.42923625 0.4989225 0.44287875 0.47929125 0.45495624999999995 0.47461 0.4605425 0.4736325 0.466715 0.47857125000000006 0.4674975 0.5045087500000001 0.44756 0.51426375 0.4339175 0.52251375 0.43775624999999996
0 0.52278 0.25389875 0.5158175 0.25781125 0.5140575 0.26520375 0.5028175 0.26445625 0.5036849999999999 0.2710825 0.51068375 0.27160125 0.51805375 0.26790125 0.521125 0.26248625000000003 0.5265425 0.25995125 0.5336124999999999 0.25163125000000003 0.5395837499999999 0.24652875000000002 0.5417375 0.24038 0.55237125 0.2412575 0.54937625 0.2521725 0.55073375 0.267575 0.55736 0.27368625 0.55781125 0.27882124999999996 0.56885 0.29702125 0.572225 0.30768125 0.5774199999999999 0.31483125 0.58755375 0.32276375 0.5904137500000001 0.32068624999999995 0.5897662499999999 0.31678625 0.57775 0.30475874999999997 0.57333625 0.29267 0.56418 0.27856375 0.5620412499999999 0.2681 0.55665 0.26218375 0.55535375 0.25438500000000003 0.5577000000000001 0.23957 0.55374 0.23261500000000002 0.56960625 0.2123475 0.59534875 0.19364375 0.60165625 0.18578375000000003 0.60120375 0.18065 0.59996875 0.180455 0.59587375 0.1823375 0.58651125 0.19351 0.56525375 0.20786125 0.5479575 0.2291675 0.54377875 0.23214749999999998 0.53905125 0.23405375 0.53509625 0.23947500000000002 0.5320550000000001 0.24563125 0.5275 0.25110499999999997 0.52278 0.25389875
0 0.57918375 0.0240275 0.5889375 0.010385 0.5893287500000001 0.00791625 0.5831562499999999 0.0069375 0.58296 0.008172500000000001 0.5725325 0.01727875 0.53524 0.053768750000000004 0.52125625 0.07813125 0.52353 0.0797575 0.52782125 0.07664 0.53881 0.06319374999999999 0.57918375 0.0240275
0 0.32071500000000003 0 0.32607625 0.007984999999999999 0.32659125000000006 0.020722499999999998 0.31930625 0.034755 0.30766875 0.0443025 0.29947875 0.0480675 0.2962275 0.052614999999999995 0.29485875 0.0612575 0.29797625 0.06554750000000001 0.296155 0.06905625 0.27307625 0.08691625 0.27209875 0.09308875 0.25818874999999997 0.10101 0.2576025 0.10471375 0.25987625000000003 0.10634 0.27502125 0.09861375 0.28295375 0.08848 0.30213249999999997 0.07126875 0.304345 0.06529125 0.30038375 0.058335 0.30240125 0.0535925 0.32671374999999997 0.035928749999999995 0.33295875 0.020465 0.33374125 0.015526249999999998 0.3305625 0.0036325000000000003 0.32813875000000003 0 0.32071500000000003 0
0 0.28493625 0.15587 0.29910375 0.1543175 0.300925 0.15080875000000002 0.29761125 0.1477525 0.2935175 0.149635 0.27584125 0.1493675 0.27564625 0.15060125 0.27629375 0.15450125 0.28493625 0.15587
0 0.26501375 0.23371124999999998 0.25812 0.245275 0.22893 0.26976125 0.22256125000000002 0.2700175 0.2037125 0.27715625 0.20435999999999999 0.28105625 0.20929874999999998 0.28183875 0.23737625 0.27236375 0.26247125 0.24976125 0.26774000000000003 0.24047125000000003 0.274695 0.23651 0.27671125 0.2317675 0.28613625 0.2281975 0.2867225 0.22449375 0.29530375 0.21826 0.29628125 0.21208625 0.32280625 0.188445 0.3263875 0.173825 0.3292475 0.1717475 0.328795 0.16661375 0.32756124999999997 0.1664175 0.32203625 0.16933875 0.32027625 0.18045124999999998 0.31682875 0.1862325 0.29193 0.20760125 0.28952125 0.2148125 0.28256625 0.21877375000000002 0.27912 0.224555 0.271125 0.22708625000000002 0.27034375 0.232025 0.26501375 0.23371124999999998
0 0.18611 0.6679649999999999 0.18331125 0.67764625 0.17798124999999998 0.6793325 0.161725 0.70207 0.1459925 0.7134999999999999 0.147485 0.72006375 0.15242250000000002 0.72084625 0.17120999999999997 0.70610375 0.18057375 0.6949299999999999 0.18278625 0.6889525000000001 0.19117125000000001 0.68395375 0.19357875 0.6767412500000001 0.20300374999999998 0.67317125 0.2056075 0.664725 0.20989750000000001 0.6616074999999999 0.21717124999999998 0.6716187499999999 0.22015374999999998 0.6847475 0.22515374999999999 0.6931324999999999 0.230935 0.69657875 0.23820875 0.70659 0.24353875 0.70490375 0.24432125 0.699965 0.2382825 0.6901487500000001 0.23042125 0.6838424999999999 0.22575125 0.66538375 0.2180875 0.6578425 0.2164 0.6525124999999999 0.21939499999999998 0.6415975 0.21790375 0.6350325 0.21966249999999998 0.62392125 0.22252375000000002 0.62184375 0.22408750000000002 0.6119662499999999 0.23306000000000002 0.6032625 0.2383275 0.5939725 0.26042875 0.58228625 0.26550125 0.57423 0.25991375 0.56954875 0.24847249999999999 0.57786125 0.23904875 0.58143125 0.2318975 0.58662625 0.22357375000000002 0.59922875 0.21460249999999997 0.6079325 0.20291499999999998 0.5858325 0.18803875 0.5758825000000001 0.17596125 0.55625125 0.17472625 0.55605625 0.16920125 0.5589775 0.17153625000000003 0.56820625 0.184005 0.58536875 0.19556875 0.5922625 0.20913875 0.6184575 0.21062999999999998 0.62502125 0.20802625 0.63346875 0.21016625 0.6439324999999999 0.195535 0.664395 0.18611 0.6679649999999999
0 0.46985999999999994 0.61039375 0.5241825 0.6189975 0.5447187499999999 0.61718875 0.5593375 0.6207699999999999 0.56362875 0.6176525 0.5625275 0.60861875 0.5546675 0.60231125 0.5534337500000001 0.60211625 0.5497299999999999 0.60153 0.54114875 0.60776375 0.5232775000000001 0.60873 0.48890374999999997 0.60202 0.46381999999999995 0.60057875 0.458295 0.6035 0.45465249999999996 0.61051625 0.45653625 0.61461125 0.46147374999999996 0.61539375 0.46985999999999994 0.61039375
0 0.45634375 0.74367125 0.44868 0.73612875 0.44491375 0.72793875 0.44368 0.72774375 0.43711500000000003 0.7292350000000001 0.43743375 0.7432062500000001 0.44386375 0.7505525 0.44866750000000005 0.7601725 0.44808125 0.7638775 0.45386375 0.7673237500000001 0.45815375 0.76420625 0.4593275 0.75679875 0.45536625000000003 0.74984375 0.45634375 0.74367125