0 0.6925725 0.33969625000000003 0.6873325 0.33463 0.6858012499999999 0.33374625 0.6837099999999999 0.3356 0.685975 0.34405250000000004 0.6928325 0.35515625 0.71016875 0.37639249999999996 0.7289512499999999 0.39336 0.7241437500000001 0.41405875000000003 0.7173962500000001 0.42751375 0.7178074999999999 0.43387375 0.72384375 0.43225625 0.73651875 0.39262625 0.74126125 0.38617874999999996 0.7526887499999999 0.38052875 0.7637050000000001 0.36851750000000005 0.76618375 0.35361875 0.7755825000000001 0.33557125 0.77467625 0.31769625 0.76984625 0.31899125 0.7703425 0.330505 0.76038375 0.35129125 0.75702125 0.36772125 0.7465649999999999 0.3769925 0.730955 0.3863525 0.708465 0.3652025 0.69669125 0.35024 0.6925725 0.33969625000000003
0 0.7493899999999999 0.38270625 0.7472987500000001 0.38456125 0.7460912500000001 0.38488500000000003 0.74706125 0.38850625 0.75601 0.39775625 0.7548900000000001 0.4032325 0.7413487499999999 0.39133125 0.73772625 0.3923025 0.73748875 0.3962475 0.7454675000000001 0.401875 0.75844875 0.41651375 0.76578 0.41972625 0.78827 0.44087499999999996 0.8005175 0.44794625000000005 0.80487375 0.45454374999999997 0.81188125 0.45654874999999995 0.81727125 0.45251624999999995 0.8383799999999999 0.46368375 0.84135625 0.4602975 0.83885375 0.45579125 0.82080625 0.44639249999999997 0.80994 0.44930375 0.79269 0.43322125 0.7819725 0.42703375 0.7748787500000001 0.41987625 0.75769125 0.38954124999999995 0.7493899999999999 0.38270625
0 0.47938125 0.42787875 0.47157625000000003 0.43255875000000005 0.47036875 0.4328825 0.46409500000000004 0.438445 0.46097 0.45093000000000005 0.45325125 0.4607625 0.4466775 0.48452375000000003 0.44741125 0.49209125 0.44001625 0.50313125 0.44422249999999996 0.5188275 0.44318874999999996 0.5294574999999999 0.43876875 0.5371125 0.43008 0.5433225 0.43105125 0.546945 0.43378875 0.547505 0.443685 0.54097125 0.4498725 0.530255 0.4505825 0.5184175 0.44670125 0.5039287499999999 0.45265124999999995 0.4971575 0.45336125000000005 0.48532125 0.45849125 0.46582875 0.46765375 0.4517275 0.4711025 0.44045 0.4789075 0.43577 0.49003375 0.44831875 0.517915 0.46543625 0.52274375 0.46414125 0.52112625 0.458105 0.51588625 0.4530375 0.49510125000000005 0.44307875 0.48397375 0.43053125000000003 0.47938125 0.42787875
0 0.37144625 0.19409875 0.36717750000000005 0.192655 0.36597 0.1929775 0.36605625 0.19813124999999998 0.37315125000000005 0.20528875 0.4007075 0.22119875 0.418605 0.2396975 0.41539375 0.2470275 0.419275 0.2615175 0.41880125 0.26940875 0.41405875000000003 0.27585625 0.41302500000000003 0.286485 0.40539375 0.30147124999999997 0.4022675 0.313955 0.391575 0.32717375 0.3913375 0.33111874999999996 0.3944 0.3328875 0.40364875 0.32393875 0.40806875 0.31628375 0.41031 0.30533 0.41938499999999995 0.286075 0.41929875000000005 0.2809225 0.42524875 0.27415125 0.42498874999999997 0.2586925 0.42087 0.24814875 0.43135375000000004 0.246165 0.4341375 0.25205500000000003 0.44061 0.256505 0.44851125000000003 0.26404125 0.45416375000000003 0.26599625 0.45778375 0.27106 0.46550125000000003 0.27397 0.4724075 0.2727225 0.47257750000000004 0.26604 0.46147750000000004 0.26795874999999997 0.45895375 0.26079125000000003 0.45161999999999997 0.2576275 0.44663375 0.25534375 0.44153125000000004 0.25037624999999997 0.43786375 0.24457125000000002 0.43336375 0.2395925 0.42846249999999997 0.23818999999999999 0.423995 0.235665 0.40456625 0.21628250000000002 0.38192625 0.20423124999999998 0.37144625 0.19409875
0 0.35972375 0.01994875 0.36037125000000003 0.022363749999999998 0.3714975 0.03491125 0.41574500000000003 0.0696425 0.42807875 0.0818675 0.43267125 0.08451874999999999 0.4347625 0.08266375 0.41831 0.0598975 0.3774075 0.027505 0.36608375000000004 0.01953875 0.36576125 0.01833125 0.35972375 0.01994875
0 0.6148325 0 0.61470625 0.0008025 0.61600125 0.00563125 0.6238287499999999 0.0203575 0.6498550000000001 0.03538375 0.65235625 0.03989 0.64914375 0.047220000000000005 0.6519687500000001 0.05293375 0.6728412500000001 0.06804625 0.68179 0.07729625000000001 0.6976600000000001 0.08339625 0.69975125 0.08154249999999999 0.69878125 0.07792 0.68411875 0.07149625 0.68250125 0.06545875 0.6576825 0.05010875000000001 0.655505 0.04681 0.65815625 0.0422175 0.6558912499999999 0.033766250000000005 0.6521825 0.029583750000000002 0.64364375 0.026695000000000003 0.63107375 0.018416250000000002 0.62236125 0.005221249999999999 0.622025 0 0.6148325 0
0 0.68636625 0.13301 0.6866025 0.12906375 0.68628 0.12785625 0.66872875 0.12997125 0.6644599999999999 0.12852750000000002 0.661485 0.1319125 0.6636624999999999 0.13521125 0.677915 0.135275 0.68636625 0.13301
0 0.6424262500000001 0.15254875 0.63662625 0.15022 0.6354187499999999 0.15054375 0.635505 0.15569750000000002 0.6385675 0.157465 0.6436562499999999 0.17163 0.6725074999999999 0.19236999999999999 0.674125 0.19840625 0.68331125 0.20370999999999997 0.68428125 0.20733250000000003 0.6940275 0.20989750000000001 0.6965287499999999 0.21440375 0.7038599999999999 0.217615 0.7100700000000001 0.22630375 0.73739 0.24616 0.766305 0.25264749999999997 0.7711337500000001 0.2513525 0.77137125 0.24740749999999997 0.75187875 0.2422775 0.74551875 0.2426875 0.71392875 0.22138750000000001 0.705865 0.21060749999999998 0.7003874999999999 0.20948624999999998 0.69909375 0.2046575 0.69087875 0.20297625 0.68684625 0.19758625 0.679515 0.19437374999999998 0.67636625 0.18745375 0.64937 0.168805 0.6453375 0.163415 0.6424262500000001 0.15254875
0 0.83515125 0.52407625 0.82935125 0.52174875 0.82814375 0.5220725 0.818185 0.54285875 0.80442875 0.55430875 0.79511625 0.57750875 0.78528375 0.5697912500000001 0.77568875 0.5581275 0.7680337500000001 0.5537075 0.7582875 0.5511425 0.74604 0.54407125 0.74097375 0.54931125 0.74686125 0.5567925 0.7700612499999999 0.566105 0.7762725 0.57479375 0.786105 0.5825125 0.7886924999999999 0.59217125 0.791755 0.59393875 0.7946662499999999 0.60480625 0.79386875 0.61149 0.7979887499999999 0.62203375 0.7968675000000001 0.62751 0.7900337500000001 0.63581125 0.7873187500000001 0.65465625 0.7801600000000001 0.6617512499999999 0.77518 0.67214375 0.7764749999999999 0.6769737499999999 0.7819512500000001 0.67809375 0.78813875 0.6673775000000001 0.79352875 0.6633450000000001 0.797625 0.6544825 0.79921875 0.6411150000000001 0.8054062500000001 0.63039875 0.80999875 0.63305 0.8134712500000001 0.64117875 0.82321625 0.6437437500000001 0.826365 0.65066375 0.8352275 0.65476 0.8380525 0.66047375 0.8485325 0.6706062500000001 0.8687575 0.683305 0.8735875 0.6820099999999999 0.8743850000000001 0.6753262499999999 0.8575437499999999 0.6656037499999999 0.8390000000000001 0.64469 0.8335237499999999 0.64357 0.8297275000000001 0.63423375 0.81998125 0.63166875 0.80329125 0.6128475 0.8043250000000001 0.6022175 0.80085375 0.59409 0.80165125 0.587405 0.8124075000000001 0.559935 0.8231875 0.55187 0.83379375 0.53349875 0.83515125 0.52407625
0 0.461155 0.60617125 0.45753374999999996 0.6071425 0.45632625 0.6074649999999999 0.44916874999999995 0.61456 0.4490175 0.62365875 0.45361125 0.62631 0.46777625 0.62122 0.48838875000000004 0.62087375 0.541515 0.60663875 0.55037625 0.610735 0.55520625 0.60944 0.55665125 0.60517125 0.552295 0.59857375 0.5464950000000001 0.59624625 0.52169875 0.60030125 0.488215 0.6105675 0.47034125000000004 0.611475 0.461155 0.60617125
0 0.58650125 0.72140625 0.5798175 0.7206087499999999 0.57861 0.7209325 0.57572125 0.72947125 0.5688875 0.7377724999999999 0.570505 0.74381 0.5672925 0.75114125 0.56923375 0.758385 0.5738275 0.76103625 0.5792175 0.757005 0.57824625 0.7533825000000001 0.58201875 0.7433124999999999 0.587645 0.7353350000000001 0.58650125 0.72140625