0 0.93090625 0.159585 0.91205125 0.16110125 0.9108025000000001 0.161035 0.8806475 0.16321000000000002 0.86947875 0.16137250000000003 0.86566875 0.16242499999999999 0.8653412500000001 0.16866625 0.8776937499999999 0.1718175 0.88406625 0.16964749999999998 0.9228274999999999 0.1704275 0.92374875 0.17673375 0.92618 0.17811375000000002 0.93130375 0.17587875 0.9332725000000001 0.1622125 0.93090625 0.159585
0 0.59716125 0.17463875 0.59473 0.17326 0.5934812500000001 0.17319500000000002 0.5883575 0.17543 0.557085 0.1750425 0.55426125 0.1811525 0.59171 0.183115 0.5940762500000001 0.1857425 0.5966375 0.18462499999999998 0.59716125 0.17463875
0 0.2319475 0.19305 0.2259675 0.18773 0.22471875 0.187665 0.21328875 0.19082125000000003 0.16178125000000002 0.19438 0.12301875000000001 0.1936 0.114085 0.1968875 0.07663625 0.194925 0.04503625000000001 0.20077874999999998 0.0376125 0.19913875 0.03373625 0.20143875 0.0307825 0.21004625000000002 0.0330825 0.21392125 0.05555125 0.21509875 0.06192375 0.21292999999999998 0.1144825 0.21318 0.1234825 0.208645 0.16460999999999998 0.2120525 0.16697625 0.21468 0.1664525 0.22466625 0.17000125 0.2286075 0.19903875 0.22387 0.20626750000000002 0.22925625 0.21250875 0.22958375 0.2191425 0.22242125000000001 0.22597750000000003 0.23529624999999998 0.22644124999999998 0.25034125 0.21816624999999998 0.2649275 0.21462375 0.28477 0.21554500000000001 0.29107625 0.2190925 0.2950175 0.2175175 0.30119375000000004 0.2234325 0.3077625 0.21423625000000002 0.3160425 0.2092425 0.31578 0.20405375 0.31926375 0.19912624999999998 0.31775375 0.19511875 0.32255 0.20208500000000001 0.33293 0.21082374999999998 0.33338749999999995 0.21673749999999997 0.33995624999999996 0.22133875 0.3477075 0.22318125 0.36032125 0.22666375 0.36551 0.22502375 0.372935 0.22239625 0.3753 0.21759875 0.37129375000000003 0.21254 0.37228 0.21346125000000002 0.3785875 0.217075 0.38128 0.21635625 0.39501125000000004 0.22128374999999997 0.39652125 0.22240125 0.39908375 0.22614625 0.39927999999999997 0.227525 0.39684875 0.23206 0.40584749999999997 0.24277125000000002 0.41642375000000004 0.2490125 0.41674999999999995 0.26116875 0.42364624999999995 0.2646525 0.42883499999999997 0.26432500000000003 0.43507625 0.26905625 0.44033125 0.28318 0.43356125 0.28462499999999996 0.4298825 0.25610499999999997 0.40085 0.25400125 0.39322875 0.24808624999999998 0.38665999999999995 0.24065750000000002 0.36123625 0.23599125 0.35473374999999996 0.22856625 0.3530925 0.22448875000000001 0.335355 0.22363375000000002 0.32780000000000004 0.232895 0.31827125 0.23348375000000002 0.3070375 0.22875250000000003 0.3017825 0.22447875 0.28779 0.22683875 0.26663375 0.2311075 0.25684375 0.23215375000000002 0.23687125 0.22663250000000001 0.22281375 0.233135 0.2181475 0.23359375 0.20940874999999998 0.230175 0.20297125000000002 0.2319475 0.19305
0 0.34607374999999996 0.52322625 0.3450875 0.5181675 0.34515250000000003 0.51691875 0.31039625 0.5113425 0.31072375 0.5051012500000001 0.3053325 0.48854624999999996 0.3165625 0.4653525 0.31702 0.45661375 0.310975 0.4525425 0.30473375 0.452215 0.30210625 0.45458125000000005 0.3023725 0.47337 0.29436 0.48296374999999997 0.295215 0.49052 0.28963374999999997 0.5014925 0.29082125000000003 0.52658875 0.316185 0.54419 0.320655 0.55443875 0.31967375 0.5731625 0.326575 0.58479 0.33012375 0.58873125 0.3487825 0.5909599999999999 0.3522 0.59739875 0.35608125 0.61888125 0.36206125 0.62420125 0.3743475 0.6286 0.38026125 0.63516875 0.37908375 0.6576375 0.38243625000000003 0.66532375 0.38191375 0.6753100000000001 0.38881374999999996 0.6869375 0.39479375 0.6922575000000001 0.39814625 0.6999437500000001 0.41247124999999996 0.71321125 0.41858249999999997 0.716035 0.41819 0.7235250000000001 0.42410875 0.75387625 0.4313375 0.75926125 0.4350825 0.7594575 0.44809375 0.7739087499999999 0.45308624999999997 0.77417 0.45709375 0.7693737500000001 0.4540025 0.756695 0.438625 0.73961625 0.43684875 0.72575375 0.44301875 0.70354625 0.43953625 0.6983575000000001 0.4345425 0.69809625 0.42981125 0.6928412500000001 0.4307925 0.67411625 0.4286225 0.6677437500000001 0.4187025 0.6659725000000001 0.4164025 0.6620975 0.41686 0.65335875 0.41331125 0.6494175 0.40338999999999997 0.64764625 0.40253500000000003 0.64009125 0.40693375000000004 0.6278050000000001 0.40607750000000004 0.62024875 0.40371250000000003 0.6176225 0.3925425 0.615785 0.38130875000000003 0.61519625 0.37493625 0.6173649999999999 0.3652775 0.61060125 0.36442125 0.6030449999999999 0.36855875 0.5957525 0.36448125 0.578015 0.36099875 0.572825 0.35725375 0.57262875 0.35383499999999996 0.5661912499999999 0.3489075 0.56468125 0.33964125 0.55042625 0.33911250000000004 0.5366299999999999 0.341805 0.53301625 0.3421325 0.526775 0.34607374999999996 0.52322625
0 0.4531075 0.8693025 0.45481375 0.86063 0.45488 0.85938125 0.44870375 0.85780625 0.44482750000000004 0.8601062500000001 0.44201 0.89 0.44411375 0.89762 0.45488999999999996 0.9069462500000001 0.4837975 0.9047062499999999 0.48957999999999996 0.91377125 0.48603749999999996 0.9336137499999999 0.4882725 0.9387375 0.49227875 0.9339400000000001 0.4943775 0.91777875 0.49707 0.91416375 0.49621499999999996 0.9066087500000001 0.49266625 0.9026675000000001 0.463955 0.90116375 0.45679250000000005 0.89453 0.4553425 0.8744262500000001 0.4531075 0.8693025
0 0.347515 0.887425 0.34377625 0.8871049999999999 0.34195 0.88851125 0.34175375 0.892255 0.35358249999999997 0.9053924999999999 0.35411125 0.91918875 0.3511575 0.92779625 0.35556125 0.9392925 0.35694625 0.960645 0.3632925 0.9713025000000001 0.36742624999999995 0.97730125 0.36998624999999996 0.9821787500000001 0.36885125 0.9868637499999999 0.37195374999999997 0.99272375 0.37860750000000004 0.9930724999999999 0.37454 0.9886437499999999 0.37459375 0.9847925 0.3743275 0.9785524999999999 0.37137749999999997 0.97261625 0.36615375 0.9647825 0.36151625000000004 0.9599437500000001 0.361345 0.9483575000000001 0.36062 0.93830625 0.356085 0.9293062500000001 0.35779125 0.9206337499999999 0.36041874999999995 0.9182675 0.36094125 0.90828125 0.35798125 0.89310625 0.35804250000000004 0.868075 0.35567624999999997 0.8654474999999999 0.3533375 0.8670775000000001 0.35329625 0.8893562500000001 0.35191875000000006 0.89654375 0.347515 0.887425
0 0.402925 0.91924375 0.40082124999999996 0.91162375 0.39963875000000004 0.9103100000000001 0.38952125000000004 0.9122825 0.37835250000000004 0.91044625 0.3745325 0.912535 0.37079999999999996 0.9118 0.3658725 0.908175 0.36306625 0.9103175 0.3671675 0.91430375 0.37113375 0.9157225 0.37415 0.9189875000000001 0.38026000000000004 0.92181125 0.38610875 0.92962875 0.39248625 0.95124125 0.39846625 0.95656125 0.40221125 0.9567574999999999 0.40490375 0.95314375 0.40076124999999996 0.9366549999999999 0.402925 0.91924375
0 0.41364249999999997 0.9536024999999999 0.40983125000000004 0.95465375 0.40858375 0.9545887500000001 0.40825625000000004 0.96083 0.417785 0.97009125 0.41719625 0.9813262500000001 0.4193 0.98894625 0.42179625000000004 0.9890774999999999 0.42409625 0.9929524999999999 0.42665875 0.9918362500000001 0.4302075 0.99577625 0.45642125 0.99715 0.45661749999999995 0.99340625 0.4542525 0.99077875 0.43316249999999995 0.98717 0.42258125 0.9740975000000001 0.41869999999999996 0.952615 0.4137725 0.951105 0.41364249999999997 0.9536024999999999
0 0.45000124999999996 0.7852737500000001 0.45026249999999995 0.78028125 0.45032874999999994 0.7790325 0.44527 0.7800199999999999 0.44501375000000004 0.8087949999999999 0.47372375 0.8103 0.48680124999999996 0.8235025 0.49278625 0.85260625 0.5005375 0.848005 0.5021125 0.8418287499999999 0.51998625 0.8590375 0.5201225 0.880325 0.51414875 0.8987875 0.5060049999999999 0.9108775 0.5025974999999999 0.9520050000000001 0.5048975 0.95588125 0.50995625 0.954895 0.510545 0.9436599999999999 0.51646 0.95022875 0.51587125 0.9614625 0.52086375 0.9617249999999999 0.5214525 0.9504900000000001 0.5192825 0.9441174999999999 0.50962375 0.9373524999999999 0.51198375 0.9161975 0.52039 0.89911375 0.5193375 0.8953037500000001 0.5251812499999999 0.8793375 0.5239275 0.8554900000000001 0.5193925 0.84649 0.49448749999999997 0.82015 0.49074249999999997 0.8199537499999999 0.477665 0.8067512499999999 0.46156874999999997 0.803405 0.45716375 0.79190875 0.45000124999999996 0.7852737500000001
0 0.03032375 0.21878374999999997 0.02920625 0.21622125 0.0292725 0.21497375000000002 0.02421375 0.21596 0.01607 0.22805 0.01693 0.25938875 0.012923750000000001 0.264185 0.01174625 0.286655 0.02804 0.28625625 0.0344775 0.28283874999999997 0.03467375 0.27909375000000003 0.024223750000000002 0.26352625 0.02212 0.255905 0.02198375 0.23461875 0.03032375 0.21878374999999997
0 0.13764374999999998 0.36835500000000004 0.12647375 0.36651874999999995 0.12522624999999998 0.36645249999999996 0.09875 0.37007249999999997 0.0938225 0.3685625 0.08435875 0.3580525 0.080615 0.35785625000000004 0.07903875 0.3640325 0.08134000000000001 0.36790750000000005 0.08975 0.3746075 0.09835750000000001 0.37756124999999996 0.12108875 0.37374625 0.12194375 0.38130125 0.1254925 0.38524250000000004 0.11780625 0.38859499999999997 0.11031750000000001 0.3882025 0.10769000000000001 0.3905675 0.109925 0.39569249999999995 0.1262175 0.39529375 0.14290375 0.38740625 0.1526275 0.39292375 0.1547975 0.39929499999999996 0.15959375 0.4033025 0.16347 0.40100125 0.16373125000000002 0.39600875 0.15807875 0.3844475 0.14224375 0.37610625 0.13764374999999998 0.36835500000000004
0 0.225895 0.45183875 0.22753 0.42063125 0.22884374999999998 0.41944875000000004 0.22674 0.4118275 0.222865 0.41412875 0.22083625 0.452825 0.22425375 0.4592625 0.21781625 0.46268 0.2096075 0.47601875 0.21322125 0.47871250000000004 0.21998625 0.46905250000000004 0.23043 0.46083874999999996 0.23292625 0.46096875 0.23522749999999998 0.46484499999999995 0.23345500000000002 0.474765 0.23588625 0.476145 0.2412725 0.46891625 0.24153375 0.46392375 0.23929875 0.45880000000000004 0.23312249999999998 0.45722375 0.225895 0.45183875
0 0.55967375 0.29283875 0.5557325 0.2963875 0.5544837499999999 0.2963225 0.5399025000000001 0.31183 0.54154875 0.32818875 0.54483625 0.33712375 0.5441812500000001 0.34960625 0.53767875 0.3542725 0.5249987500000001 0.35736249999999997 0.5146200000000001 0.36432875000000003 0.5095624999999999 0.36531625 0.506935 0.36768124999999996 0.49893 0.37139000000000005 0.49219375 0.37832 0.48472375 0.38539375 0.478035 0.39141374999999995 0.47468375 0.39979624999999996 0.4715025 0.4083675 0.47228749999999997 0.41077624999999995 0.47697 0.40829 0.47969 0.39805625 0.48647375 0.3902175 0.49361 0.3825825 0.50139625 0.376435 0.50798625 0.37149125 0.51679 0.37070125 0.52716875 0.363735 0.53728625 0.36176250000000004 0.5489125 0.35486125 0.5512075 0.33495375000000005 0.5459475 0.31590250000000003 0.55402625 0.30506 0.564405 0.29809375 0.5700525 0.28587250000000003 0.57123 0.26340375 0.56689125 0.25065875 0.5685325 0.24323499999999998 0.56360375 0.241725 0.56091125 0.24533875 0.5605187500000001 0.25282875 0.5648575 0.2655725 0.5639425 0.28304875 0.55967375 0.29283875
0 0.9045725 0.62384375 0.9038187499999999 0.63106375 0.9026049999999999 0.63750875 0.8995574999999999 0.64072875 0.90999375 0.6541687500000001 0.90947 0.6641549999999999 0.9067112500000001 0.6690175 0.9113775 0.6755200000000001 0.9102 0.6979900000000001 0.9151937499999999 0.69825125 0.91604375 0.68202375 0.92123375 0.67854 0.9129537500000001 0.669345 0.9150525 0.6531825000000001 0.9068762499999999 0.63961 0.907295 0.634 0.90808875 0.62603 0.9089674999999999 0.621195 0.90810625 0.61852125 0.9052162500000001 0.618745 0.9045725 0.62384375
0 0.9856425 0.78706 0.9548925 0.77668625 0.9536450000000001 0.77662125 0.9532525 0.78411125 0.98518375 0.7957975 0.9856425 0.78706
0 0.62095 1 0.6073275 0.98378 0.596355 0.97819875 0.57401625 0.97452375 0.56297875 0.9701900000000001 0.53926125 0.9689475000000001 0.5319675 0.96481 0.5282224999999999 0.96461375 0.52802625 0.96835875 0.53407125 0.9724299999999999 0.5602199999999999 0.9750525 0.5997075000000001 0.98588375 0.6057524999999999 0.9899562500000001 0.614035 1 0.62095 1
0 0.95975625 0.49280250000000003 0.9652025000000001 0.4605425 0.9652675000000001 0.45929499999999995 0.96152375 0.45909875 0.96007875 0.46277749999999995 0.9549599999999999 0.488795 0.95548875 0.5025925 0.96219375 0.51796375 0.96180125 0.52545375 0.9518850000000001 0.547465 0.95123125 0.5599475 0.9541249999999999 0.57637125 0.94223625 0.58826625 0.941975 0.5932587500000001 0.9513075000000001 0.606265 0.95492125 0.6089575 0.9574825 0.6078399999999999 0.95767875 0.60409625 0.94821625 0.59358625 0.9484775000000001 0.5885925000000001 0.96036625 0.5766987499999999 0.9562900000000001 0.55896125 0.9568125000000001 0.548975 0.96672875 0.5269637500000001 0.9673175 0.5157287500000001 0.96159875 0.50541625 0.95975625 0.49280250000000003
0 0.10525875 0.38918874999999997 0.10072374999999999 0.38018875 0.10078875 0.37894125 0.09704375000000001 0.378745 0.09678250000000001 0.3837375 0.1002 0.390175 0.09928375 0.40765124999999997 0.09501625000000001 0.41744125 0.0817475 0.43176625 0.07879375 0.44037374999999995 0.0778125 0.45909875 0.08602625 0.46954250000000003 0.09279625 0.48366624999999996 0.09877625 0.48898625 0.09681374999999999 0.526435 0.10575375 0.54693125 0.1049025 0.5631587499999999 0.11147750000000001 0.5810275 0.11732625 0.58884375 0.12225375 0.59035375 0.138945 0.60625 0.14485875 0.6128175 0.15051125 0.62438 0.16069375 0.62115875 0.16904 0.62910625 0.17239249999999998 0.63679125 0.18730625 0.638825 0.18501125 0.6587324999999999 0.19565625 0.6705562500000001 0.20419875 0.6747587500000001 0.21938 0.69558125 0.22831875000000001 0.7160774999999999 0.22773 0.7273125 0.23127875 0.73125375 0.2412 0.7330249999999999 0.2468525 0.74458625 0.25625 0.756345 0.2649225 0.7580512500000001 0.26952375 0.7658025 0.27793375000000003 0.7725012499999999 0.2858875 0.78793875 0.295285 0.7996962499999999 0.31243375 0.8068537499999999 0.31703375 0.8146049999999999 0.31992875000000004 0.8310299999999999 0.32367375000000004 0.8312262499999999 0.32209249999999995 0.81361875 0.31873999999999997 0.8059324999999999 0.31519125 0.8019912499999999 0.31407125 0.796685 0.30977499999999997 0.79252625 0.30323 0.78956125 0.305225 0.79316125 0.30970624999999996 0.7966012499999999 0.3118175 0.8007899999999999 0.30040875 0.79746125 0.288645 0.78307625 0.2806925 0.76763875 0.2746475 0.7635675000000001 0.26886375 0.7545025 0.26019125 0.75279625 0.2439575 0.7281624999999999 0.23521999999999998 0.7277049999999999 0.23285374999999997 0.7250775 0.232325 0.71128 0.22213750000000002 0.69071875 0.2093225 0.67252375 0.19959749999999998 0.6670075 0.190135 0.6564975 0.190855 0.64276625 0.19374375 0.6354075 0.1913775 0.63278 0.17758125 0.63330875 0.17298124999999998 0.6255575 0.16220375 0.6162299999999999 0.15327 0.6195174999999999 0.14880000000000002 0.60926875 0.14288625 0.60270125 0.116535 0.5800412500000001 0.10989625 0.56342 0.10976000000000001 0.54213375 0.1018075 0.5266962500000001 0.10088625000000001 0.52039 0.103835 0.488 0.095555 0.47880375000000003 0.08293625 0.45686374999999996 0.08529624999999999 0.43570749999999997 0.09856375 0.4213825 0.1042775 0.40791375 0.10525875 0.38918874999999997
0 0.17360875 0.49416 0.18175249999999998 0.48207 0.18181750000000002 0.48082125 0.1780725 0.480625 0.16618375 0.49251875 0.14614625 0.49272125 0.14089125 0.49745249999999996 0.10429875 0.503045 0.1041025 0.5067900000000001 0.10903 0.5083 0.1343875 0.50211875 0.1418775 0.50251125 0.1509425 0.4967275 0.1697325 0.49646 0.17360875 0.49416
0 0.2268475 0.6008425 0.21199874999999999 0.5975612499999999 0.21075125 0.597495 0.210555 0.60124 0.22533750000000002 0.60577 0.23112125 0.614835 0.244525 0.62179625 0.25451125 0.62232 0.2660075 0.617915 0.288215 0.62408625 0.29794 0.6296025000000001 0.3005025 0.628485 0.2982675 0.62336125 0.27244625 0.6144975 0.26121125 0.61390875 0.24846625 0.6182475000000001 0.2350625 0.61128625 0.2268475 0.6008425
0 0.45919375 0.46656875 0.4567625 0.46519 0.45551375 0.46512375 0.45354625 0.47879 0.44770249999999995 0.49475625 0.44718 0.5047425 0.45368749999999997 0.52385875 0.45520375 0.54271375 0.46118250000000005 0.54803375 0.47721375 0.55263 0.49469 0.5535450000000001 0.50986625 0.5505862499999999 0.5163037500000001 0.5471675 0.5237937500000001 0.54756 0.52615875 0.5501874999999999 0.5281375 0.5840875 0.5304375 0.58796375 0.5401625 0.59348 0.54147625 0.5922975 0.5611875 0.5983375 0.57202875 0.606415 0.5664475 0.61738875 0.566715 0.63617875 0.56093625 0.65089625 0.57026875 0.6639025 0.57099375 0.67395375 0.5791425 0.68564625 0.58301875 0.68334625 0.57716875 0.67552875 0.5764437499999999 0.6654774999999999 0.56592875 0.6511575000000001 0.5701975 0.6413675000000001 0.56999625 0.62133 0.5769575 0.6079249999999999 0.57603625 0.60161875 0.56512875 0.59478875 0.55409 0.590455 0.54042375 0.5884875 0.53437875 0.584415 0.5311525 0.55045 0.527735 0.5440112500000001 0.51781375 0.5422399999999999 0.4962 0.5486175 0.4762275 0.5475712500000001 0.46026125 0.5417275 0.457695 0.5190625 0.4521725 0.50500375 0.45282625000000004 0.49252125 0.45866999999999997 0.47655500000000006 0.45919375 0.46656875
0 0.48426625 0.943535 0.48163874999999995 0.9459000000000001 0.48039000000000004 0.945835 0.47487375 0.95555875 0.47559874999999996 0.96561125 0.47284 0.97047375 0.4723825 0.9792112500000001 0.48178 0.99096875 0.482635 0.9985250000000001 0.48762875 0.99878625 0.487825 0.99504125 0.47868875000000005 0.9782899999999999 0.4777675 0.97198375 0.4806575 0.9646250000000001 0.48131124999999997 0.9521412499999999 0.48919375000000004 0.94504375 0.48426625 0.943535
0 0.5867225 0.20663625 0.58646 0.21163 0.5852125 0.211565 0.57115375 0.21708625 0.564455 0.2254975 0.56393125 0.23548375 0.56616625 0.24060749999999997 0.57096375 0.24461375 0.5808187499999999 0.24763374999999999 0.5896224999999999 0.24684375 0.5911325000000001 0.24191624999999997 0.5724725 0.23968625 0.568925 0.235745 0.5694475 0.22575875 0.57601625 0.219845 0.5913225 0.21438749999999998 0.59165 0.20814625 0.599925 0.19356 0.59900375 0.1872525 0.5940762500000001 0.1857425 0.59374875 0.19198374999999998 0.5867225 0.20663625
0 0.5971825 0.26977 0.5994825 0.27364625 0.6006662500000001 0.27496 0.60348875 0.26885000000000003 0.597575 0.26228124999999997 0.593765 0.26333249999999997 0.59021625 0.25939125 0.601445 0.2361975 0.6024262499999999 0.21747375000000002 0.5965125 0.21090499999999998 0.59145375 0.21189125 0.5983550000000001 0.22351875 0.5964524999999999 0.23593625 0.58535375 0.25663375 0.586275 0.26294 0.59100625 0.268195 0.5971825 0.26977
0 0.939505 0.7120425 0.93451125 0.7117812499999999 0.93326375 0.711715 0.9330674999999999 0.7154600000000001 0.93793 0.71821875 0.93491 0.72807375 0.9309025 0.7328712500000001 0.934255 0.74055625 0.938 0.7407524999999999 0.937145 0.7331975 0.9427262500000001 0.722225 0.9429875 0.7172324999999999 0.939505 0.7120425
0 0.28043250000000003 0.48599 0.27419125 0.48566249999999994 0.27294250000000003 0.4855975 0.26400875 0.48888375000000006 0.25231625 0.49703375 0.238715 0.49381749999999996 0.23727125000000002 0.49749625000000003 0.24456499999999998 0.50163375 0.25461625 0.50090875 0.27392875 0.490655 0.27879125 0.49341375 0.27977875 0.49847250000000004 0.28983000000000003 0.49774749999999995 0.29120875 0.49531624999999996 0.28884375 0.49268875 0.283785 0.493675 0.28043250000000003 0.48599
0 0.8597199999999999 0.2998025 0.85715875 0.30091999999999997 0.85591 0.30085375 0.83627 0.31734875 0.82924375 0.33200125 0.8239237500000001 0.33798125 0.8003425 0.35802375 0.79758375 0.36288625 0.79561625 0.3765525 0.80094125 0.39435499999999996 0.796935 0.3991525 0.7891175 0.40500125 0.7725637500000001 0.41039250000000005 0.76198875 0.42110375 0.7543025 0.424455 0.7347275000000001 0.4397025 0.72204875 0.4427925 0.72066875 0.44522375 0.72297 0.44909999999999994 0.7408374999999999 0.44252625 0.75785125 0.42839625 0.7655362499999999 0.425045 0.7747987500000001 0.41551625000000003 0.7913525 0.410125 0.8057387500000001 0.39836125 0.80724875 0.39343375 0.80060875 0.37681375 0.80251125 0.36439625 0.83147875 0.337125 0.84507375 0.31655875 0.8607725 0.3036125 0.8597199999999999 0.2998025