0 0.69642857125 0.32142857125 0.65178571375 0.3258928575 0.64732142875 0.33482142875 0.8883928575 0.3258928575 0.97767857125 0.33928571375 0.99553571375 0.33482142875 0.99553571375 0.3258928575 0.96428571375 0.3303571425 0.83928571375 0.31696428625 0.77678571375 0.3258928575 0.69642857125 0.32142857125
0 0.9375 0.08035714249999999 0.93303571375 0.07589285750000001 0.92857142875 0.07589285750000001 0.93303571375 0.08035714249999999 0.9375 0.08035714249999999
0 0.96428571375 0.08035714249999999 0.9508928575 0.08035714249999999 0.9553571425 0.08482142875 0.96875 0.08482142875 0.96428571375 0.08035714249999999
0 0.9821428575 0.09375 0.97321428625 0.08482142875 0.96875 0.08482142875 0.99107142875 0.10267857125 0.99553571375 0.10267857125 0.99553571375 0.09821428624999999 0.99107142875 0.09375 0.9821428575 0.09375
0 0.86607142875 0.11160714249999999 0.87053571375 0.10714285750000001 0.8616071425 0.10714285750000001 0.8571428575 0.11160714249999999 0.86607142875 0.11160714249999999
0 0.875 0.11160714249999999 0.87946428625 0.10714285750000001 0.87053571375 0.10714285750000001 0.875 0.11160714249999999
0 0.85267857125 0.11607142875 0.8571428575 0.11160714249999999 0.85267857125 0.11160714249999999 0.84821428625 0.11607142875 0.85267857125 0.11607142875
0 0.84821428625 0.11607142875 0.84375 0.11607142875 0.81696428625 0.1428571425 0.82142857125 0.1428571425 0.83482142875 0.12946428625 0.83928571375 0.12946428625 0.83928571375 0.125 0.84821428625 0.11607142875
0 0.90625 0.7008928575 0.91071428625 0.69642857125 0.90625 0.69642857125 0.90178571375 0.7008928575 0.90625 0.7008928575
0 0.90178571375 0.7008928575 0.8883928575 0.7053571425 0.89732142875 0.7053571425 0.90178571375 0.7008928575
0 0.87946428625 0.71428571375 0.88392857125 0.70982142875 0.87946428625 0.70982142875 0.875 0.71428571375 0.87946428625 0.71428571375
0 0.875 0.71428571375 0.87053571375 0.71428571375 0.8616071425 0.72321428625 0.86607142875 0.72321428625 0.875 0.71428571375
0 0.8571428575 0.72321428625 0.83928571375 0.74107142875 0.85267857125 0.7366071425 0.85267857125 0.7321428575 0.8616071425 0.72321428625 0.8571428575 0.72321428625