0 0.0107421875 0 0.013671875 0.0263671875 0.0283203125 0.048828125 0.0234375 0.0009765625 0.0107421875 0
0 0.2361609375 0.25060625000000003 0.222028125 0.24181249999999999 0.21875 0.1748046875 0.2001953125 0.16015625 0.2109375 0.2412109375 0.2339625 0.25782968749999996 0.260028125 0.2546890625 0.2361609375 0.25060625000000003
0 0.1994171875 0.164559375 0.1994171875 0.158278125 0.1683265625 0.15765 0.1396484375 0.15625 0.109375 0.0830078125 0.0908203125 0.056640625 0.0810546875 0.056640625 0.130859375 0.1533203125 0.139121875 0.16393125 0.1994171875 0.164559375
0 0.2724609375 0.255859375 0.306640625 0.2900390625 0.31088906250000004 0.3709796875 0.319525 0.3634234375 0.318359375 0.2822265625 0.2783203125 0.25 0.2470703125 0.251953125 0.2724609375 0.255859375
0 0.31016875 0.369540625 0.40234375 0.3740234375 0.408203125 0.4599609375 0.4208984375 0.46484375 0.419921875 0.3740234375 0.4072265625 0.365234375 0.3681640625 0.365234375 0.32204374999999996 0.3630640625 0.31016875 0.369540625
0 0.52734375 0.5595703125 0.5455171875 0.5619 0.5390625 0.5517578125 0.525390625 0.4775390625 0.4775390625 0.4609375 0.4794921875 0.478515625 0.513671875 0.4892578125 0.52734375 0.5595703125
0 0.546875 0.6962890625 0.544921875 0.7470703125 0.55859375 0.7939453125 0.5615234375 0.853515625 0.568359375 0.8330078125 0.55859375 0.6923828125 0.572265625 0.6767578125 0.5576171875 0.67578125 0.546875 0.6962890625
0 0.626953125 0.6669921875 0.626953125 0.5673828125 0.6044921875 0.564453125 0.609375 0.6708984375 0.6201171875 0.671875 0.626953125 0.6669921875
0 0.928125 0.228125 0.925 0.2359375 0.9234375 0.2609375 0.928125 0.2625 0.93125 0.259375 0.9296875 0.2515625 0.93125 0.2390625 0.934375 0.2328125 0.9375 0.234375 0.9875 0.234375 0.9890625 0.2296875 0.9859375 0.228125 0.971875 0.2265625 0.9703125 0.228125 0.9296875 0.2265625 0.928125 0.228125
0 0.9171875 0.3328125 0.9109375 0.3390625 0.88125 0.35625 0.84375 0.35625 0.8375 0.359375 0.8203125 0.359375 0.8171875 0.3625 0.8203125 0.36875 0.8203125 0.378125 0.8171875 0.3875 0.815625 0.4296875 0.8125 0.440625 0.790625 0.4484375 0.7796875 0.45 0.7390625 0.45 0.7234375 0.4609375 0.71875 0.4671875 0.725 0.5125 0.7203125 0.5578125 0.715625 0.559375 0.5453125 0.5578125 0.5359375 0.559375 0.534375 0.5625 0.5359375 0.565625 0.5765625 0.5640625 0.578125 0.565625 0.71875 0.565625 0.728125 0.5609375 0.7296875 0.528125 0.73125 0.5265625 0.7296875 0.4890625 0.7265625 0.4796875 0.7265625 0.46875 0.7359375 0.459375 0.7421875 0.45625 0.79375 0.4546875 0.80625 0.4484375 0.81875 0.4453125 0.821875 0.440625 0.8203125 0.434375 0.821875 0.4328125 0.821875 0.403125 0.8265625 0.3796875 0.8265625 0.3671875 0.8390625 0.365625 0.8453125 0.3625 0.884375 0.3625 0.91875 0.3421875 0.925 0.3296875 0.9234375 0.3 0.9203125 0.2953125 0.91875 0.2953125 0.915625 0.296875 0.9171875 0.3328125
0 0.703125 0.11875 0.7046875 0.1171875 0.7046875 0.1015625 0.703125 0.09375 0.709375 0.0859375 0.7171875 0.08125 0.7234375 0.0671875 0.725 0.0390625 0.721875 0.0359375 0.7171875 0.071875 0.7015625 0.0875 0.6984375 0.096875 0.7 0.128125 0.7015625 0.128125 0.70625 0.125 0.703125 0.11875
0 0.609375 0.159375 0.6078125 0.1921875 0.609375 0.19375 0.609375 0.221875 0.6078125 0.234375 0.6 0.240625 0.578125 0.25 0.55625 0.2546875 0.5390625 0.25625 0.5375 0.2546875 0.521875 0.2625 0.5171875 0.28125 0.51875 0.3015625 0.5171875 0.303125 0.521875 0.3140625 0.5203125 0.334375 0.5171875 0.3453125 0.509375 0.3578125 0.5 0.365625 0.4203125 0.3640625 0.415625 0.365625 0.4140625 0.36875 0.415625 0.371875 0.465625 0.3703125 0.4671875 0.371875 0.503125 0.371875 0.515625 0.3609375 0.525 0.34375 0.528125 0.3125 0.5234375 0.2828125 0.528125 0.2671875 0.534375 0.2625 0.559375 0.2609375 0.5859375 0.2546875 0.6140625 0.2390625 0.615625 0.1578125 0.6125 0.153125 0.6109375 0.153125 0.6078125 0.1546875 0.609375 0.159375
0 0.775 0.6671875 0.765625 0.6640625 0.653125 0.665625 0.6359375 0.66875 0.6109375 0.66875 0.6015625 0.6734375 0.584375 0.675 0.5765625 0.6734375 0.5734375 0.678125 0.5765625 0.68125 0.596875 0.68125 0.6109375 0.6765625 0.7296875 0.6765625 0.746875 0.6734375 0.8296875 0.675 0.8359375 0.6796875 0.8515625 0.6796875 0.875 0.6734375 0.9828125 0.671875 0.990625 0.675 0.9984375 0.675 0.9984375 0.665625 0.871875 0.6671875 0.8484375 0.6734375 0.8375 0.671875 0.834375 0.66875 0.8328125 0.66875 0.83125 0.6671875 0.775 0.6671875