0 0.5776375 0.0275921875 0.5822968749999999 0.05805 0.587671875 0.059842187500000005 0.589821875 0.04945 0.5869546875 0.044792187500000004 0.5840875 0.0172 0.5765625 0.0007171874999999999 0.5776375 0.0275921875
0 0.32843125 0.5322265625 0.34405625 0.5146484375 0.34405625 0.4697265625 0.3547984375 0.453125 0.5755015625 0.453125 0.596009375 0.3701171875 0.59405625 0.1728515625 0.6111703125 0.16520625 0.6081062500000001 0.15815625 0.596009375 0.1533203125 0.5979625 0.1435546875 0.6223765625 0.109375 0.7942515625 0.107421875 0.814759375 0.0498046875 0.84405625 0.0263671875 0.8411265625 0 0.830384375 0.0009765625 0.826478125 0.0205078125 0.799134375 0.0419921875 0.79718125 0.0595703125 0.7805796875 0.076171875 0.611634375 0.0791015625 0.580384375 0.1416015625 0.580384375 0.3310546875 0.556946875 0.4091796875 0.3606578125 0.421875 0.3479625 0.4326171875 0.33624375 0.4501953125 0.32843125 0.5166015625 0.293275 0.5654296875 0.295228125 0.6259765625 0.2766734375 0.697265625 0.0774546875 0.7109375 0.06280625 0.7216796875 0.049134374999999994 0.7568359375 0.054993749999999994 0.9287109375 0.0149546875 0.955078125 0.00030625 0.9833984375 0.0012828125 0.9984375 0.025696875 0.9984375 0.06280625 0.9541015625 0.060853124999999994 0.7841796875 0.07843125 0.7373046875 0.28155625 0.7255859375 0.310853125 0.6865234375 0.31280625 0.5810546875 0.32843125 0.5615234375 0.32843125 0.5322265625
0 0.9265625 0.1375 0.9046875 0.14375 0.8796875 0.15625 0.84375 0.14375 0.771875 0.1421875 0.7484375 0.1484375 0.721875 0.140625 0.7046875 0.146875 0.6515625 0.146875 0.6125 0.153125 0.6078125 0.1578125 0.6109375 0.1640625 0.65 0.1578125 0.703125 0.1578125 0.7203125 0.1515625 0.7265625 0.1515625 0.74375 0.1578125 0.7578125 0.1578125 0.7703125 0.153125 0.8375 0.153125 0.8546875 0.1578125 0.865625 0.1640625 0.8859375 0.165625 0.909375 0.153125 0.915625 0.153125 0.93125 0.146875 0.95625 0.146875 0.9765625 0.1546875 0.99375 0.171875 0.9984375 0.1734375 0.9984375 0.15625 0.9953125 0.15625 0.984375 0.146875 0.975 0.1421875 0.9609375 0.1375 0.959375 0.1375 0.9375 0.1359375 0.9265625 0.1375
0 0.7453125 0.1234375 0.740625 0.13125 0.7390625 0.140625 0.7421875 0.1484375 0.746875 0.146875 0.74375 0.1359375 0.7484375 0.128125 0.7484375 0.11875 0.7453125 0.1109375 0.7421875 0.1109375 0.7421875 0.1125 0.7421875 0.11875 0.7453125 0.1234375
0 0.4671875 0.0578125 0.4640625 0.053125 0.4609375 0.0359375 0.4609375 0.0203125 0.4640625 0.0046875 0.4609375 0.003125 0.4578125 0.0078125 0.45625 0.0171875 0.45625 0.0375 0.4625 0.065625 0.4640625 0.065625 0.4671875 0.0640625 0.4671875 0.0578125
0 0.1703125 0 0.1703125 0.0015625 0.1703125 0.0109375 0.165625 0.0203125 0.16875 0.0265625 0.16875 0.0546875 0.1734375 0.05625 0.1734375 0.0203125 0.171875 0.0171875 0.175 0.0125 0.175 0 0.1703125 0
0 0.3546875 0.1734375 0.3515625 0.1765625 0.35 0.1859375 0.3515625 0.1984375 0.346875 0.2234375 0.346875 0.246875 0.3515625 0.246875 0.3546875 0.20625 0.359375 0.18125 0.3625 0.175 0.365625 0.146875 0.3640625 0.128125 0.3609375 0.1265625 0.359375 0.128125 0.35625 0.1375 0.3546875 0.1734375
0 0.35 0.6671875 0.3578125 0.6375 0.359375 0.621875 0.359375 0.5765625 0.35625 0.5546875 0.353125 0.5453125 0.35 0.54375 0.3484375 0.55 0.3515625 0.55625 0.3546875 0.5796875 0.3546875 0.6203125 0.35 0.65 0.3453125 0.6640625 0.3484375 0.6828125 0.35 0.6828125 0.353125 0.68125 0.35 0.6671875
0 0.4703125 0.66875 0.471875 0.6703125 0.471875 0.6875 0.4765625 0.6890625 0.478125 0.678125 0.475 0.6515625 0.475 0.6015625 0.4734375 0.6 0.471875 0.6 0.46875 0.6015625 0.4703125 0.66875
0 0.71875 0.56875 0.715625 0.58125 0.7140625 0.615625 0.703125 0.64375 0.7 0.6640625 0.7015625 0.675 0.7078125 0.6734375 0.7078125 0.6515625 0.7171875 0.6296875 0.721875 0.6109375 0.725 0.546875 0.7296875 0.525 0.728125 0.521875 0.7234375 0.521875 0.7234375 0.5234375 0.71875 0.54375 0.71875 0.56875
0 0.803125 0.771875 0.8 0.7796875 0.7984375 0.8015625 0.8 0.803125 0.8 0.825 0.8046875 0.8265625 0.80625 0.825 0.80625 0.8046875 0.8046875 0.803125 0.8046875 0.7875 0.809375 0.76875 0.809375 0.753125 0.80625 0.7375 0.8046875 0.7375 0.8015625 0.7390625 0.803125 0.771875
0 0.7234375 0.846875 0.728125 0.8484375 0.7296875 0.846875 0.728125 0.7984375 0.7296875 0.7828125 0.725 0.7828125 0.725 0.784375 0.721875 0.8359375 0.7234375 0.846875
0 0.3125 0.9546875 0.3125 0.9453125 0.315625 0.934375 0.3265625 0.9515625 0.328125 0.9671875 0.3328125 0.96875 0.3359375 0.9671875 0.334375 0.946875 0.325 0.9328125 0.3140625 0.9078125 0.315625 0.84375 0.309375 0.8421875 0.30625 0.853125 0.30625 0.875 0.3046875 0.8765625 0.30625 0.9296875 0.3046875 0.93125 0.3046875 0.9546875 0.30625 0.9546875 0.309375 0.95625 0.3125 0.9546875
0 0.4015625 0.896875 0.4 0.95 0.4046875 0.953125 0.409375 0.95 0.4109375 0.89375 0.415625 0.8734375 0.415625 0.86875 0.4125 0.865625 0.4109375 0.865625 0.40625 0.86875 0.4015625 0.896875
0 0.1515625 0.94515625 0.1515625 0.94984375 0.1434375 0.9665625 0.1546875 0.95296875 0.1546875 0.97328125 0.159375 0.97484375 0.1625 0.94359375 0.1609375 0.94203125 0.1609375 0.87015625 0.159375 0.86390625 0.1546875 0.86234375 0.1546875 0.86390625 0.15625 0.94046875 0.1515625 0.94515625